 X =   0.25000000000000000      Y =   0.50000000000000000      Npts =        1000
   0.0000000000000000       -2.6604566004003800     
   6.0060060060060060E-003  -2.7335610480515706     
   1.2012012012012012E-002  -2.8058579572318054     
   1.8018018018018018E-002  -2.8773514695362188     
   2.4024024024024024E-002  -2.9480457282689532     
   3.0030030030030030E-002  -3.0179448781438505     
   3.6036036036036036E-002  -3.0870530649864096     
   4.2042042042042038E-002  -3.1553744354370163     
   4.8048048048048048E-002  -3.2229131366554591     
   5.4054054054054057E-002  -3.2896733160267040     
   6.0060060060060060E-002  -3.3556591208679936     
   6.6066066066066062E-002  -3.4208746981372418     
   7.2072072072072071E-002  -3.4853241941426951     
   7.8078078078078081E-002  -3.5490117542539488     
   8.4084084084084076E-002  -3.6119415226142930     
   9.0090090090090086E-002  -3.6741176418543038     
   9.6096096096096095E-002  -3.7355442528068794     
  0.10210210210210210       -3.7962254942235036     
  0.10810810810810811       -3.8561655024919514     
  0.11411411411411411       -3.9153684113552547     
  0.12012012012012012       -3.9738383516321174     
  0.12612612612612611       -4.0315794509386036     
  0.13213213213213212       -4.0885958334112535     
  0.13813813813813813       -4.1448916194315570     
  0.14414414414414414       -4.2004709253518122     
  0.15015015015015015       -4.2553378632223522     
  0.15615615615615616       -4.3094965405202075     
  0.16216216216216217       -4.3629510598791130     
  0.16816816816816815       -4.4157055188209728     
  0.17417417417417416       -4.4677640094887030     
  0.18018018018018017       -4.5191306183805144     
  0.18618618618618618       -4.5698094260856017     
  0.19219219219219219       -4.6198045070212821     
  0.19819819819819820       -4.6691199291715613     
  0.20420420420420421       -4.7177597538271492     
  0.21021021021021022       -4.7657280353269265     
  0.21621621621621623       -4.8130288208008718     
  0.22222222222222221       -4.8596661499144469     
  0.22822822822822822       -4.9056440546144673     
  0.23423423423423423       -4.9509665588764475     
  0.24024024024024024       -4.9956376784534395     
  0.24624624624624625       -5.0396614206263468     
  0.25225225225225223       -5.0830417839557773     
  0.25825825825825827       -5.1257827580353759     
  0.26426426426426425       -5.1678883232467054     
  0.27027027027027029       -5.2093624505156315     
  0.27627627627627627       -5.2502091010702587     
  0.28228228228228230       -5.2904322262004255     
  0.28828828828828829       -5.3300357670187308     
  0.29429429429429427       -5.3690236542231577     
  0.30030030030030030       -5.4073998078612435     
  0.30630630630630629       -5.4451681370958660     
  0.31231231231231232       -5.4823325399726075     
  0.31831831831831831       -5.5188969031887511     
  0.32432432432432434       -5.5548651018638777     
  0.33033033033033032       -5.5902409993121172     
  0.33633633633633631       -5.6250284468160228     
  0.34234234234234234       -5.6592312834021428     
  0.34834834834834832       -5.6928533356182225     
  0.35435435435435436       -5.7258984173121368     
  0.36036036036036034       -5.7583703294124922     
  0.36636636636636638       -5.7902728597109805     
  0.37237237237237236       -5.8216097826464326     
  0.37837837837837840       -5.8523848590906562     
  0.38438438438438438       -5.8826018361360113     
  0.39039039039039036       -5.9122644468848078     
  0.39639639639639640       -5.9413764102404745     
  0.40240240240240238       -5.9699414307005698     
  0.40840840840840842       -5.9979631981516448     
  0.41441441441441440       -6.0254453876659548     
  0.42042042042042044       -6.0523916593000653     
  0.42642642642642642       -6.0788056578953755     
  0.43243243243243246       -6.1046910128805667     
  0.43843843843843844       -6.1300513380759991     
  0.44444444444444442       -6.1548902315001257     
  0.45045045045045046       -6.1792112751778800     
  0.45645645645645644       -6.2030180349511159     
  0.46246246246246248       -6.2263140602911049     
  0.46846846846846846       -6.2491028841131433     
  0.47447447447447449       -6.2713880225932703     
  0.48048048048048048       -6.2931729749871437     
  0.48648648648648646       -6.3144612234511159     
  0.49249249249249250       -6.3352562328655120     
  0.49849849849849848       -6.3555614506601845     
  0.50450450450450446       -6.3753803066423576     
  0.51051051051051055       -6.3947162128268076     
  0.51651651651651653       -6.4135725632683922     
  0.52252252252252251       -6.4319527338970399     
  0.52852852852852850       -6.4498600823551344     
  0.53453453453453448       -6.4672979478374444     
  0.54054054054054057       -6.4842696509335704     
  0.54654654654654655       -6.5007784934729873     
  0.55255255255255253       -6.5168277583727265     
  0.55855855855855852       -6.5324207094877442     
  0.56456456456456461       -6.5475605914640216     
  0.57057057057057059       -6.5622506295944589     
  0.57657657657657657       -6.5764940296776233     
  0.58258258258258255       -6.5902939778793872     
  0.58858858858858853       -6.6036536405975399     
  0.59459459459459463       -6.6165761643293983     
  0.60060060060060061       -6.6290646755425353     
  0.60660660660660659       -6.6411222805486272     
  0.61261261261261257       -6.6527520653805139     
  0.61861861861861867       -6.6639570956725693     
  0.62462462462462465       -6.6747404165443944     
  0.63063063063063063       -6.6851050524879359     
  0.63663663663663661       -6.6950540072581370     
  0.64264264264264259       -6.7045902637671162     
  0.64864864864864868       -6.7137167839820355     
  0.65465465465465467       -6.7224365088266786     
  0.66066066066066065       -6.7307523580868738     
  0.66666666666666663       -6.7386672303198099     
  0.67267267267267261       -6.7461840027673237     
  0.67867867867867870       -6.7533055312733046     
  0.68468468468468469       -6.7600346502052595     
  0.69069069069069067       -6.7663741723801412     
  0.69669669669669665       -6.7723268889945558     
  0.70270270270270274       -6.7778955695594458     
  0.70870870870870872       -6.7830829618393187     
  0.71471471471471471       -6.7878917917961923     
  0.72072072072072069       -6.7923247635382911     
  0.72672672672672667       -6.7963845592736538     
  0.73273273273273276       -6.8000738392687472     
  0.73873873873873874       -6.8033952418122192     
  0.74474474474474472       -6.8063513831838645     
  0.75075075075075071       -6.8089448576289815     
  0.75675675675675680       -6.8111782373382166     
  0.76276276276276278       -6.8130540724330011     
  0.76876876876876876       -6.8145748909567496     
  0.77477477477477474       -6.8157431988719397     
  0.78078078078078073       -6.8165614800631786     
  0.78678678678678682       -6.8170321963464371     
  0.79279279279279280       -6.8171577874845406     
  0.79879879879879878       -6.8169406712091316     
  0.80480480480480476       -6.8163832432491569     
  0.81081081081081086       -6.8154878773661016     
  0.81681681681681684       -6.8142569253960765     
  0.82282282282282282       -6.8126927172989333     
  0.82882882882882880       -6.8107975612145442     
  0.83483483483483478       -6.8085737435264120     
  0.84084084084084088       -6.8060235289327737     
  0.84684684684684686       -6.8031491605253338     
  0.85285285285285284       -6.7999528598758321     
  0.85885885885885882       -6.7964368271305604     
  0.86486486486486491       -6.7926032411130279     
  0.87087087087087089       -6.7884542594349391     
  0.87687687687687688       -6.7839920186156375     
  0.88288288288288286       -6.7792186342102063     
  0.88888888888888884       -6.7741362009463728     
  0.89489489489489493       -6.7687467928704192     
  0.90090090090090091       -6.7630524635022509     
  0.90690690690690690       -6.7570552459998083     
  0.91291291291291288       -6.7507571533329838     
  0.91891891891891886       -6.7441601784672480     
  0.92492492492492495       -6.7372662945571244     
  0.93093093093093093       -6.7300774551497193     
  0.93693693693693691       -6.7225955943984639     
  0.94294294294294290       -6.7148226272872478     
  0.94894894894894899       -6.7067604498651310     
  0.95495495495495497       -6.6984109394917777     
  0.96096096096096095       -6.6897759550938245     
  0.96696696696696693       -6.6808573374323119     
  0.97297297297297292       -6.6716569093813787     
  0.97897897897897901       -6.6621764762183648     
  0.98498498498498499       -6.6524178259255020     
  0.99099099099099097       -6.6423827295033400     
  0.99699699699699695       -6.6320729412960580     
   1.0030030030030030       -6.6214901993288464     
   1.0090090090090089       -6.6106362256574700     
   1.0150150150150150       -6.5995127267301728     
   1.0210210210210211       -6.5881213937620746     
   1.0270270270270270       -6.5764639031221632     
   1.0330330330330331       -6.5645419167330363     
   1.0390390390390389       -6.5523570824835069     
   1.0450450450450450       -6.5399110346541649     
   1.0510510510510511       -6.5272053943560406     
   1.0570570570570570       -6.5142417699824184     
   1.0630630630630631       -6.5010217576739322     
   1.0690690690690690       -6.4875469417969978     
   1.0750750750750750       -6.4738188954356577     
   1.0810810810810811       -6.4598391808968891     
   1.0870870870870870       -6.4456093502294420     
   1.0930930930930931       -6.4311309457562222     
   1.0990990990990992       -6.4164055006202467     
   1.1051051051051051       -6.4014345393441889     
   1.1111111111111112       -6.3862195784035078     
   1.1171171171171170       -6.3707621268131254     
   1.1231231231231231       -6.3550636867276413     
   1.1291291291291292       -6.3391257540550212     
   1.1351351351351351       -6.3229498190836964     
   1.1411411411411412       -6.3065373671229779     
   1.1471471471471471       -6.2898898791567008     
   1.1531531531531531       -6.2730088325099631     
   1.1591591591591592       -6.2558957015288197     
   1.1651651651651651       -6.2385519582727786     
   1.1711711711711712       -6.2209790732198877     
   1.1771771771771771       -6.2031785159842485     
   1.1831831831831832       -6.1851517560456895     
   1.1891891891891893       -6.1669002634913603     
   1.1951951951951951       -6.1484255097689866     
   1.2012012012012012       -6.1297289684514489     
   1.2072072072072071       -6.1108121160123883     
   1.2132132132132132       -6.0916764326124753     
   1.2192192192192193       -6.0723234028959450     
   1.2252252252252251       -6.0527545167970187     
   1.2312312312312312       -6.0329712703557448     
   1.2372372372372373       -6.0129751665428133     
   1.2432432432432432       -5.9927677160928319     
   1.2492492492492493       -5.9723504383455417     
   1.2552552552552552       -5.9517248620944327     
   1.2612612612612613       -5.9308925264421175     
   1.2672672672672673       -5.9098549816619190     
   1.2732732732732732       -5.8886137900649400     
   1.2792792792792793       -5.8671705268719867     
   1.2852852852852852       -5.8455267810895970     
   1.2912912912912913       -5.8236841563894322     
   1.2972972972972974       -5.8016442719902406     
   1.3033033033033032       -5.7794087635415829     
   1.3093093093093093       -5.7569792840084606     
   1.3153153153153152       -5.7343575045559634     
   1.3213213213213213       -5.7115451154330099     
   1.3273273273273274       -5.6885438268542456     
   1.3333333333333333       -5.6653553698791015     
   1.3393393393393394       -5.6419814972869826     
   1.3453453453453452       -5.6184239844475785     
   1.3513513513513513       -5.5946846301851538     
   1.3573573573573574       -5.5707652576357649     
   1.3633633633633633       -5.5466677150962251     
   1.3693693693693694       -5.5223938768636458     
   1.3753753753753755       -5.4979456440643757     
   1.3813813813813813       -5.4733249454710942     
   1.3873873873873874       -5.4485337383067840     
   1.3933933933933933       -5.4235740090343665     
   1.3993993993993994       -5.3984477741306174     
   1.4054054054054055       -5.3731570808430993     
   1.4114114114114114       -5.3477040079287343     
   1.4174174174174174       -5.3220906663726577     
   1.4234234234234233       -5.2963192000859856     
   1.4294294294294294       -5.2703917865810768     
   1.4354354354354355       -5.2443106376229078     
   1.4414414414414414       -5.2180779998551188     
   1.4474474474474475       -5.1916961553993106     
   1.4534534534534533       -5.1651674224261779     
   1.4594594594594594       -5.1384941556970141     
   1.4654654654654655       -5.1116787470741789     
   1.4714714714714714       -5.0847236259990813     
   1.4774774774774775       -5.0576312599362572     
   1.4834834834834836       -5.0304041547821123     
   1.4894894894894894       -5.0030448552369586     
   1.4954954954954955       -4.9755559451388978     
   1.5015015015015014       -4.9479400477582498     
   1.5075075075075075       -4.9201998260510935     
   1.5135135135135136       -4.8923379828706857     
   1.5195195195195195       -4.8643572611353907     
   1.5255255255255256       -4.8362604439518790     
   1.5315315315315314       -4.8080503546924138     
   1.5375375375375375       -4.7797298570249511     
   1.5435435435435436       -4.7513018548950079     
   1.5495495495495495       -4.7227692924581310     
   1.5555555555555556       -4.6941351539619651     
   1.5615615615615615       -4.6654024635769211     
   1.5675675675675675       -4.6365742851745209     
   1.5735735735735736       -4.6076537220525484     
   1.5795795795795795       -4.5786439166062207     
   1.5855855855855856       -4.5495480499446410     
   1.5915915915915915       -4.5203693414518895     
   1.5975975975975976       -4.4911110482921766     
   1.6036036036036037       -4.4617764648585698     
   1.6096096096096095       -4.4323689221648630     
   1.6156156156156156       -4.4028917871802946     
   1.6216216216216217       -4.3733484621068852     
   1.6276276276276276       -4.3437423835992170     
   1.6336336336336337       -4.3140770219266678     
   1.6396396396396395       -4.2843558800781345     
   1.6456456456456456       -4.2545824928093872     
   1.6516516516516517       -4.2247604256333560     
   1.6576576576576576       -4.1948932737536992     
   1.6636636636636637       -4.1649846609421157     
   1.6696696696696696       -4.1350382383600248     
   1.6756756756756757       -4.1050576833252617     
   1.6816816816816818       -4.0750466980246429     
   1.6876876876876876       -4.0450090081732686     
   1.6936936936936937       -4.0149483616216344     
   1.6996996996996996       -3.9848685269116646     
   1.7057057057057057       -3.9547732917829248     
   1.7117117117117118       -3.9246664616303919     
   1.7177177177177176       -3.8945518579152183     
   1.7237237237237237       -3.8644333165301084     
   1.7297297297297298       -3.8343146861209743     
   1.7357357357357357       -3.8041998263666659     
   1.7417417417417418       -3.7740926062186575     
   1.7477477477477477       -3.7439969021027286     
   1.7537537537537538       -3.7139165960846592     
   1.7597597597597598       -3.6838555740022039     
   1.7657657657657657       -3.6538177235655569     
   1.7717717717717718       -3.6238069324287032     
   1.7777777777777777       -3.5938270862340871     
   1.7837837837837838       -3.5638820666331230     
   1.7897897897897899       -3.5339757492851427     
   1.7957957957957957       -3.5041120018374294     
   1.8018018018018018       -3.4742946818890688     
   1.8078078078078077       -3.4445276349414145     
   1.8138138138138138       -3.4148146923379339     
   1.8198198198198199       -3.3851596691963999     
   1.8258258258258258       -3.3555663623362597     
   1.8318318318318318       -3.3260385482041586     
   1.8378378378378377       -3.2965799808005927     
   1.8438438438438438       -3.2671943896106406     
   1.8498498498498499       -3.2378854775418273     
   1.8558558558558558       -3.2086569188720588     
   1.8618618618618619       -3.1795123572106703     
   1.8678678678678680       -3.1504554034755503     
   1.8738738738738738       -3.1214896338893316     
   1.8798798798798799       -3.0926185879975585     
   1.8858858858858858       -3.0638457667118129     
   1.8918918918918919       -3.0351746303805816     
   1.8978978978978980       -3.0066085968907932     
   1.9039039039039038       -2.9781510398027198     
   1.9099099099099099       -2.9498052865210211     
   1.9159159159159158       -2.9215746165045671     
   1.9219219219219219       -2.8934622595176043     
   1.9279279279279280       -2.8654713939247931     
   1.9339339339339339       -2.8376051450325379     
   1.9399399399399400       -2.8098665834789114     
   1.9459459459459458       -2.7822587236744547     
   1.9519519519519519       -2.7547845222959504     
   1.9579579579579580       -2.7274468768352134     
   1.9639639639639639       -2.7002486242048382     
   1.9699699699699700       -2.6731925394026663     
   1.9759759759759759       -2.6462813342367326     
   1.9819819819819819       -2.6195176561121829     
   1.9879879879879880       -2.5929040868816755     
   1.9939939939939939       -2.5664431417605420     
   2.0000000000000000       -2.5401372683079195     
   2.0060060060060061       -2.5139888454749149     
   2.0120120120120122       -2.4880001827207097     
   2.0180180180180178       -2.4621735191974237     
   2.0240240240240239       -2.4365110230043778     
   2.0300300300300300       -2.4110147905123012     
   2.0360360360360361       -2.3856868457578546     
   2.0420420420420422       -2.3605291399087363     
   2.0480480480480479       -2.3355435507994993     
   2.0540540540540539       -2.3107318825380658     
   2.0600600600600600       -2.2860958651828063     
   2.0660660660660661       -2.2616371544899190     
   2.0720720720720722       -2.2373573317307098     
   2.0780780780780779       -2.2132579035782745     
   2.0840840840840840       -2.1893403020629219     
   2.0900900900900901       -2.1656058845956343     
   2.0960960960960962       -2.1420559340586487     
   2.1021021021021022       -2.1186916589622120     
   2.1081081081081079       -2.0955141936664354     
   2.1141141141141140       -2.0725245986670466     
   2.1201201201201201       -2.0497238609437964     
   2.1261261261261262       -2.0271128943701098     
   2.1321321321321323       -2.0046925401825622     
   2.1381381381381379       -1.9824635675086157     
   2.1441441441441440       -1.9604266739510274     
   2.1501501501501501       -1.9385824862272198     
   2.1561561561561562       -1.9169315608618795     
   2.1621621621621623       -1.8954743849309561     
   2.1681681681681679       -1.8742113768552071     
   2.1741741741741740       -1.8531428872413545     
   2.1801801801801801       -1.8322691997689216     
   2.1861861861861862       -1.8115905321207029     
   2.1921921921921923       -1.7911070369548776     
   2.1981981981981984       -1.7708188029166667     
   2.2042042042042040       -1.7507258556874876     
   2.2102102102102101       -1.7308281590694601     
   2.2162162162162162       -1.7111256161031803     
   2.2222222222222223       -1.6916180702166392     
   2.2282282282282284       -1.6723053064031350     
   2.2342342342342341       -1.6531870524260868     
   2.2402402402402402       -1.6342629800486150     
   2.2462462462462462       -1.6155327062858045     
   2.2522522522522523       -1.5969957946775373     
   2.2582582582582584       -1.5786517565798477     
   2.2642642642642641       -1.5605000524727470     
   2.2702702702702702       -1.5425400932825040     
   2.2762762762762763       -1.5247712417163981     
   2.2822822822822824       -1.5071928136079891     
   2.2882882882882885       -1.4898040792709975     
   2.2942942942942941       -1.4726042648599142     
   2.3003003003003002       -1.4555925537355194     
   2.3063063063063063       -1.4387680878335318     
   2.3123123123123124       -1.4221299690346287     
   2.3183183183183185       -1.4056772605341843     
   2.3243243243243241       -1.3894089882100691     
   2.3303303303303302       -1.3733241419869398     
   2.3363363363363363       -1.3574216771955014     
   2.3423423423423424       -1.3417005159252622     
   2.3483483483483485       -1.3261595483693802     
   2.3543543543543541       -1.3107976341602432     
   2.3603603603603602       -1.2956136036944923     
   2.3663663663663663       -1.2806062594462631     
   2.3723723723723724       -1.2657743772674550     
   2.3783783783783785       -1.2511167076739247     
   2.3843843843843842       -1.2366319771165581     
   2.3903903903903903       -1.2223188892362054     
   2.3963963963963963       -1.2081761261015751     
   2.4024024024024024       -1.1942023494291836     
   2.4084084084084085       -1.1803962017845639     
   2.4144144144144142       -1.1667563077639669     
   2.4204204204204203       -1.1532812751558525     
   2.4264264264264264       -1.1399696960815422     
   2.4324324324324325       -1.1268201481144142     
   2.4384384384384385       -1.1138311953771378     
   2.4444444444444446       -1.1010013896164419     
   2.4504504504504503       -1.0883292712550019     
   2.4564564564564564       -1.0758133704200450     
   2.4624624624624625       -1.0634522079483808     
   2.4684684684684686       -1.0512442963675257     
   2.4744744744744747       -1.0391881408527199     
   2.4804804804804803       -1.0272822401596300     
   2.4864864864864864       -1.0155250875325867     
   2.4924924924924925       -1.0039151715882602     
   2.4984984984984986      -0.99245097717468700     
   2.5045045045045047      -0.98113098620563288     
   2.5105105105105103      -0.96995367847029479     
   2.5165165165165164      -0.95891753241837763     
   2.5225225225225225      -0.94802102592062809     
   2.5285285285285286      -0.93726263700492618     
   2.5345345345345347      -0.92664084456807083     
   2.5405405405405403      -0.91615412906343163     
   2.5465465465465464      -0.90580097316464236     
   2.5525525525525525      -0.89557986240557763     
   2.5585585585585586      -0.88548928579682473     
   2.5645645645645647      -0.87552773641893333     
   2.5705705705705704      -0.86569371199271905     
   2.5765765765765765      -0.85598571542692425     
   2.5825825825825826      -0.84640225534355484     
   2.5885885885885886      -0.83694184658123039     
   2.5945945945945947      -0.82760301067689857     
   2.6006006006006004      -0.81838427632628130     
   2.6066066066066065      -0.80928417982342271     
   2.6126126126126126      -0.80030126547974112     
   2.6186186186186187      -0.79143408602296483     
   2.6246246246246248      -0.78268120297637656     
   2.6306306306306304      -0.77404118701877167     
   2.6366366366366365      -0.76551261832554807     
   2.6426426426426426      -0.75709408689137159     
   2.6486486486486487      -0.74878419283482733     
   2.6546546546546548      -0.74058154668550324     
   2.6606606606606604      -0.73248476965394782     
   2.6666666666666665      -0.72449249388492820     
   2.6726726726726726      -0.71660336269444591     
   2.6786786786786787      -0.70881603079093525     
   2.6846846846846848      -0.70112916448109941     
   2.6906906906906904      -0.69354144186081146     
   2.6966966966966965      -0.68605155299152509     
   2.7027027027027026      -0.67865820006263511     
   2.7087087087087087      -0.67136009754020531     
   2.7147147147147148      -0.66415597230250756     
   2.7207207207207209      -0.65704456376279163     
   2.7267267267267266      -0.65002462397970340     
   2.7327327327327327      -0.64309491775577088     
   2.7387387387387387      -0.63625422272437449     
   2.7447447447447448      -0.62950132942558923     
   2.7507507507507509      -0.62283504137132017     
   2.7567567567567566      -0.61625417510010638     
   2.7627627627627627      -0.60975756022198879     
   2.7687687687687688      -0.60334403945382031     
   2.7747747747747749      -0.59701246864539215     
   2.7807807807807809      -0.59076171679673606     
   2.7867867867867866      -0.58459066606696986     
   2.7927927927927927      -0.57849821177503058     
   2.7987987987987988      -0.57248326239264269     
   2.8048048048048049      -0.56654473952985640     
   2.8108108108108110      -0.56068157791347872     
   2.8168168168168166      -0.55489272535873180     
   2.8228228228228227      -0.54917714273443152     
   2.8288288288288288      -0.54353380392201023     
   2.8348348348348349      -0.53796169576866715     
   2.8408408408408410      -0.53245981803493925     
   2.8468468468468466      -0.52702718333697840     
   2.8528528528528527      -0.52166281708379936     
   2.8588588588588588      -0.51636575740977431     
   2.8648648648648649      -0.51113505510261981     
   2.8708708708708710      -0.50596977352713945     
   2.8768768768768767      -0.50086898854495254     
   2.8828828828828827      -0.49583178843045062     
   2.8888888888888888      -0.49085727378321203     
   2.8948948948948949      -0.48594455743708442     
   2.9009009009009010      -0.48109276436615789     
   2.9069069069069067      -0.47630103158783132     
   2.9129129129129128      -0.47156850806316908     
   2.9189189189189189      -0.46689435459474171     
   2.9249249249249250      -0.46227774372213754     
   2.9309309309309310      -0.45771785961531880     
   2.9369369369369367      -0.45321389796599759     
   2.9429429429429428      -0.44876506587719872     
   2.9489489489489489      -0.44437058175116478     
   2.9549549549549550      -0.44002967517575936     
   2.9609609609609611      -0.43574158680951564     
   2.9669669669669672      -0.43150556826546860     
   2.9729729729729728      -0.42732088199391199     
   2.9789789789789789      -0.42318680116420559     
   2.9849849849849850      -0.41910260954575701     
   2.9909909909909911      -0.41506760138830417     
   2.9969969969969972      -0.41108108130160331     
   3.0030030030030028      -0.40714236413463856     
   3.0090090090090089      -0.40325077485445371     
   3.0150150150150150      -0.39940564842471105     
   3.0210210210210211      -0.39560632968406367     
   3.0270270270270272      -0.39185217322444055     
   3.0330330330330328      -0.38814254326932601     
   3.0390390390390389      -0.38447681355211588     
   3.0450450450450450      -0.38085436719463034     
   3.0510510510510511      -0.37727459658585666     
   3.0570570570570572      -0.37373690326099002     
   3.0630630630630629      -0.37024069778084367     
   3.0690690690690690      -0.36678539961168610     
   3.0750750750750750      -0.36337043700557103     
   3.0810810810810811      -0.35999524688120949     
   3.0870870870870872      -0.35665927470544312     
   3.0930930930930929      -0.35336197437536609     
   3.0990990990990990      -0.35010280810114175     
   3.1051051051051051      -0.34688124628956163     
   3.1111111111111112      -0.34369676742838429     
   3.1171171171171173      -0.34054885797149592     
   3.1231231231231229      -0.33743701222492650     
   3.1291291291291290      -0.33436073223375606     
   3.1351351351351351      -0.33131952766994605     
   3.1411411411411412      -0.32831291572111654     
   3.1471471471471473      -0.32534042098030547     
   3.1531531531531529      -0.32240157533672953     
   3.1591591591591590      -0.31949591786756859     
   3.1651651651651651      -0.31662299473080047     
   3.1711711711711712      -0.31378235905909774     
   3.1771771771771773      -0.31097357085481014     
   3.1831831831831829      -0.30819619688604366     
   3.1891891891891890      -0.30544981058385268     
   3.1951951951951951      -0.30273399194055861     
   3.2012012012012012      -0.30004832740920262     
   3.2072072072072073      -0.29739240980414494     
   3.2132132132132134      -0.29476583820281782     
   3.2192192192192191      -0.29216821784864211     
   3.2252252252252251      -0.28959916005510278     
   3.2312312312312312      -0.28705828211100687     
   3.2372372372372373      -0.28454520718690729     
   3.2432432432432434      -0.28205956424270695     
   3.2492492492492491      -0.27960098793644306     
   3.2552552552552552      -0.27716911853424836     
   3.2612612612612613      -0.27476360182149273     
   3.2672672672672673      -0.27238408901510197     
   3.2732732732732734      -0.27003023667705267     
   3.2792792792792791      -0.26770170662903903     
   3.2852852852852852      -0.26539816586830911     
   3.2912912912912913      -0.26311928648466959     
   3.2972972972972974      -0.26086474557864531     
   3.3033033033033035      -0.25863422518079904     
   3.3093093093093091      -0.25642741217219794     
   3.3153153153153152      -0.25424399820602234     
   3.3213213213213213      -0.25208367963031131     
   3.3273273273273274      -0.24994615741183743     
   3.3333333333333335      -0.24783113706109855     
   3.3393393393393391      -0.24573832855842520     
   3.3453453453453452      -0.24366744628119003     
   3.3513513513513513      -0.24161820893211081     
   3.3573573573573574      -0.23959033946864117     
   3.3633633633633635      -0.23758356503343422     
   3.3693693693693691      -0.23559761688587333     
   3.3753753753753752      -0.23363223033465857     
   3.3813813813813813      -0.23168714467143800     
   3.3873873873873874      -0.22976210310547321     
   3.3933933933933935      -0.22785685269932979     
   3.3993993993993992      -0.22597114430557980     
   3.4054054054054053      -0.22410473250450763     
   3.4114114114114114      -0.22225737554280384     
   3.4174174174174174      -0.22042883527324167     
   3.4234234234234235      -0.21861887709531888     
   3.4294294294294292      -0.21682726989685822     
   3.4354354354354353      -0.21505378599654970     
   3.4414414414414414      -0.21329820108742958     
   3.4474474474474475      -0.21156029418127778     
   3.4534534534534536      -0.20983984755392771     
   3.4594594594594597      -0.20813664669147033     
   3.4654654654654653      -0.20645048023734971     
   3.4714714714714714      -0.20478113994032568     
   3.4774774774774775      -0.20312842060330724     
   3.4834834834834836      -0.20149212003302955     
   3.4894894894894897      -0.19987203899057412     
   3.4954954954954953      -0.19826798114271527     
   3.5015015015015014      -0.19667975301408069     
   3.5075075075075075      -0.19510716394011826     
   3.5135135135135136      -0.19355002602085325     
   3.5195195195195197      -0.19200815407542765     
   3.5255255255255253      -0.19048136559740714     
   3.5315315315315314      -0.18896948071084785     
   3.5375375375375375      -0.18747232212710765     
   3.5435435435435436      -0.18598971510239398     
   3.5495495495495497      -0.18452148739603602     
   3.5555555555555554      -0.18306746922946829     
   3.5615615615615615      -0.18162749324591684     
   3.5675675675675675      -0.18020139447077749     
   3.5735735735735736      -0.17878901027267319     
   3.5795795795795797      -0.17739018032518014     
   3.5855855855855854      -0.17600474656921564     
   3.5915915915915915      -0.17463255317606971     
   3.5975975975975976      -0.17327344651108001     
   3.6036036036036037      -0.17192727509793015     
   3.6096096096096097      -0.17059388958356694     
   3.6156156156156154      -0.16927314270372606     
   3.6216216216216215      -0.16796488924905362     
   3.6276276276276276      -0.16666898603181565     
   3.6336336336336337      -0.16538529185318643     
   3.6396396396396398      -0.16411366747110412     
   3.6456456456456454      -0.16285397556868533     
   3.6516516516516515      -0.16160608072318916     
   3.6576576576576576      -0.16036984937552196     
   3.6636636636636637      -0.15914514980027128     
   3.6696696696696698      -0.15793185207626514     
   3.6756756756756754      -0.15672982805764096     
   3.6816816816816815      -0.15553895134542092     
   3.6876876876876876      -0.15435909725958236     
   3.6936936936936937      -0.15319014281161558     
   3.6996996996996998      -0.15203196667756044     
   3.7057057057057055      -0.15088444917151309     
   3.7117117117117115      -0.14974747221959572     
   3.7177177177177176      -0.14862091933437979     
   3.7237237237237237      -0.14750467558975652     
   3.7297297297297298      -0.14639862759624495     
   3.7357357357357359      -0.14530266347673157     
   3.7417417417417416      -0.14421667284263412     
   3.7477477477477477      -0.14314054677047763     
   3.7537537537537538      -0.14207417777888423     
   3.7597597597597598      -0.14101745980596014     
   3.7657657657657659      -0.13997028818707774     
   3.7717717717717716      -0.13893255963304638     
   3.7777777777777777      -0.13790417220866094     
   3.7837837837837838      -0.13688502531162622     
   3.7897897897897899      -0.13587501965184656     
   3.7957957957957960      -0.13487405723107612     
   3.8018018018018016      -0.13388204132292336     
   3.8078078078078077      -0.13289887645320231     
   3.8138138138138138      -0.13192446838062513     
   3.8198198198198199      -0.13095872407783041     
   3.8258258258258260      -0.13000155171273972     
   3.8318318318318316      -0.12905286063023735     
   3.8378378378378377      -0.12811256133416729     
   3.8438438438438438      -0.12718056546964235     
   3.8498498498498499      -0.12625678580565783     
   3.8558558558558560      -0.12534113621800660     
   3.8618618618618616      -0.12443353167248918     
   3.8678678678678677      -0.12353388820841199     
   3.8738738738738738      -0.12264212292237081     
   3.8798798798798799      -0.12175815395231443     
   3.8858858858858860      -0.12088190046187906     
   3.8918918918918917      -0.12001328262499567     
   3.8978978978978978      -0.11915222161075829     
   3.9039039039039038      -0.11829863956855338     
   3.9099099099099099      -0.11745245961344311     
   3.9159159159159160      -0.11661360581179893     
   3.9219219219219217      -0.11578200316717970     
   3.9279279279279278      -0.11495757760645176     
   3.9339339339339339      -0.11414025596614495     
   3.9399399399399400      -0.11332996597904034     
   3.9459459459459461      -0.11252663626098681     
   3.9519519519519517      -0.11173019629794095     
   3.9579579579579578      -0.11094057643322562     
   3.9639639639639639      -0.11015770785500650     
   3.9699699699699700      -0.10938152258397776     
   3.9759759759759761      -0.10861195346125703     
   3.9819819819819822      -0.10784893413648432     
   3.9879879879879878      -0.10709239905612074     
   3.9939939939939939      -0.10634228345194374     
   4.0000000000000000      -0.10559852332973649     
   4.0060060060060056      -0.10486105545816499     
   4.0120120120120122      -0.10412981735784289     
   4.0180180180180178      -0.10340474729057814     
   4.0240240240240244      -0.10268578424879862     
   4.0300300300300300      -0.10197286794515460     
   4.0360360360360357      -0.10126593880229399     
   4.0420420420420422      -0.10056493794280547     
   4.0480480480480479       -9.9869807179331249E-002
   4.0540540540540544       -9.9180489004840611E-002
   4.0600600600600600       -9.8496926583065567E-002
   4.0660660660660657       -9.7819063739093354E-002
   4.0720720720720722       -9.7146844950113664E-002
   4.0780780780780779       -9.6480215336319078E-002
   4.0840840840840844       -9.5819120651952652E-002
   4.0900900900900901       -9.5163507276503537E-002
   4.0960960960960957       -9.4513322206045289E-002
   4.1021021021021022       -9.3868513044716537E-002
   4.1081081081081079       -9.3229027996339420E-002
   4.1141141141141144       -9.2594815856173726E-002
   4.1201201201201201       -9.1965826002806422E-002
   4.1261261261261257       -9.1342008390170426E-002
   4.1321321321321323       -9.0723313539692763E-002
   4.1381381381381379       -9.0109692532571298E-002
   4.1441441441441444       -8.9501097002171334E-002
   4.1501501501501501       -8.8897479126549203E-002
   4.1561561561561557       -8.8298791621091915E-002
   4.1621621621621623       -8.7704987731275996E-002
   4.1681681681681679       -8.7116021225542351E-002
   4.1741741741741745       -8.6531846388282804E-002
   4.1801801801801801       -8.5952418012940124E-002
   4.1861861861861858       -8.5377691395215477E-002
   4.1921921921921923       -8.4807622326385251E-002
   4.1981981981981980       -8.4242167086722164E-002
   4.2042042042042045       -8.3681282439019497E-002
   4.2102102102102101       -8.3124925622219459E-002
   4.2162162162162158       -8.2573054345138536E-002
   4.2222222222222223       -8.2025626780293640E-002
   4.2282282282282280       -8.1482601557822748E-002
   4.2342342342342345       -8.0943937759501441E-002
   4.2402402402402402       -8.0409594912852336E-002
   4.2462462462462458       -7.9879532985345364E-002
   4.2522522522522523       -7.9353712378688393E-002
   4.2582582582582580       -7.8832093923205906E-002
   4.2642642642642645       -7.8314638872304013E-002
   4.2702702702702702       -7.7801308897021415E-002
   4.2762762762762758       -7.7292066080662747E-002
   4.2822822822822824       -7.6786872913514798E-002
   4.2882882882882880       -7.6285692287643869E-002
   4.2942942942942945       -7.5788487491771681E-002
   4.3003003003003002       -7.5295222206229084E-002
   4.3063063063063058       -7.4805860497986779E-002
   4.3123123123123124       -7.4320366815761527E-002
   4.3183183183183180       -7.3838705985195194E-002
   4.3243243243243246       -7.3360843204107268E-002
   4.3303303303303302       -7.2886744037818640E-002
   4.3363363363363359       -7.2416374414545223E-002
   4.3423423423423424       -7.1949700620860341E-002
   4.3483483483483480       -7.1486689297225320E-002
   4.3543543543543546       -7.1027307433586068E-002
   4.3603603603603602       -7.0571522365035971E-002
   4.3663663663663668       -7.0119301767541262E-002
   4.3723723723723724       -6.9670613653731644E-002
   4.3783783783783781       -6.9225426368751772E-002
   4.3843843843843846       -6.8783708586173470E-002
   4.3903903903903903       -6.8345429303969349E-002
   4.3963963963963968       -6.7910557840543728E-002
   4.4024024024024024       -6.7479063830822375E-002
   4.4084084084084081       -6.7050917222399337E-002
   4.4144144144144146       -6.6626088271739284E-002
   4.4204204204204203       -6.6204547540435060E-002
   4.4264264264264268       -6.5786265891519355E-002
   4.4324324324324325       -6.5371214485829970E-002
   4.4384384384384381       -6.4959364778426468E-002
   4.4444444444444446       -6.4550688515059046E-002
   4.4504504504504503       -6.4145157728688312E-002
   4.4564564564564568       -6.3742744736052875E-002
   4.4624624624624625       -6.3343422134288438E-002
   4.4684684684684681       -6.2947162797592937E-002
   4.4744744744744747       -6.2553939873939757E-002
   4.4804804804804803       -6.2163726781837673E-002
   4.4864864864864868       -6.1776497207135697E-002
   4.4924924924924925       -6.1392225099873889E-002
   4.4984984984984981       -6.1010884671177254E-002
   4.5045045045045047       -6.0632450390194152E-002
   4.5105105105105103       -6.0256896981077085E-002
   4.5165165165165169       -5.9884199420004933E-002
   4.5225225225225225       -5.9514332932248032E-002
   4.5285285285285282       -5.9147272989272359E-002
   4.5345345345345347       -5.8782995305884482E-002
   4.5405405405405403       -5.8421475837416421E-002
   4.5465465465465469       -5.8062690776948284E-002
   4.5525525525525525       -5.7706616552569361E-002
   4.5585585585585582       -5.7353229824677061E-002
   4.5645645645645647       -5.7002507483312544E-002
   4.5705705705705704       -5.6654426645532198E-002
   4.5765765765765769       -5.6308964652815610E-002
   4.5825825825825826       -5.5966099068508239E-002
   4.5885885885885882       -5.5625807675298435E-002
   4.5945945945945947       -5.5288068472729157E-002
   4.6006006006006004       -5.4952859674742935E-002
   4.6066066066066069       -5.4620159707258815E-002
   4.6126126126126126       -5.4289947205783722E-002
   4.6186186186186182       -5.3962201013053830E-002
   4.6246246246246248       -5.3636900176708295E-002
   4.6306306306306304       -5.3314023946993853E-002
   4.6366366366366369       -5.2993551774499832E-002
   4.6426426426426426       -5.2675463307922554E-002
   4.6486486486486482       -5.2359738391860249E-002
   4.6546546546546548       -5.2046357064636117E-002
   4.6606606606606604       -5.1735299556150367E-002
   4.6666666666666670       -5.1426546285760426E-002
   4.6726726726726726       -5.1120077860188615E-002
   4.6786786786786783       -5.0815875071457191E-002
   4.6846846846846848       -5.0513918894850129E-002
   4.6906906906906904       -5.0214190486902038E-002
   4.6966966966966970       -4.9916671183411587E-002
   4.7027027027027026       -4.9621342497482478E-002
   4.7087087087087083       -4.9328186117587970E-002
   4.7147147147147148       -4.9037183905661190E-002
   4.7207207207207205       -4.8748317895209774E-002
   4.7267267267267270       -4.8461570289454504E-002
   4.7327327327327327       -4.8176923459491532E-002
   4.7387387387387383       -4.7894359942478294E-002
   4.7447447447447448       -4.7613862439842135E-002
   4.7507507507507505       -4.7335413815512192E-002
   4.7567567567567570       -4.7058997094172599E-002
   4.7627627627627627       -4.6784595459538933E-002
   4.7687687687687683       -4.6512192252655106E-002
   4.7747747747747749       -4.6241770970212433E-002
   4.7807807807807805       -4.5973315262890106E-002
   4.7867867867867870       -4.5706808933714614E-002
   4.7927927927927927       -4.5442235936441734E-002
   4.7987987987987983       -4.5179580373957334E-002
   4.8048048048048049       -4.4918826496698240E-002
   4.8108108108108105       -4.4659958701092829E-002
   4.8168168168168171       -4.4402961528020771E-002
   4.8228228228228227       -4.4147819661291714E-002
   4.8288288288288284       -4.3894517926142532E-002
   4.8348348348348349       -4.3643041287753363E-002
   4.8408408408408405       -4.3393374849781258E-002
   4.8468468468468471       -4.3145503852912138E-002
   4.8528528528528527       -4.2899413673430448E-002
   4.8588588588588584       -4.2655089821805540E-002
   4.8648648648648649       -4.2412517941296003E-002
   4.8708708708708706       -4.2171683806570243E-002
   4.8768768768768771       -4.1932573322344131E-002
   4.8828828828828827       -4.1695172522034640E-002
   4.8888888888888893       -4.1459467566430125E-002
   4.8948948948948949       -4.1225444742376077E-002
   4.9009009009009006       -4.0993090461476811E-002
   4.9069069069069071       -4.0762391258812744E-002
   4.9129129129129128       -4.0533333791672857E-002
   4.9189189189189193       -4.0305904838301931E-002
   4.9249249249249250       -4.0080091296663171E-002
   4.9309309309309306       -3.9855880183215064E-002
   4.9369369369369371       -3.9633258631702611E-002
   4.9429429429429428       -3.9412213891963345E-002
   4.9489489489489493       -3.9192733328746628E-002
   4.9549549549549550       -3.8974804420547585E-002
   4.9609609609609606       -3.8758414758453687E-002
   4.9669669669669672       -3.8543552045005994E-002
   4.9729729729729728       -3.8330204093072757E-002
   4.9789789789789793       -3.8118358824736284E-002
   4.9849849849849850       -3.7908004270193335E-002
   4.9909909909909906       -3.7699128566667343E-002
   4.9969969969969972       -3.7491719957333546E-002
   5.0030030030030028       -3.7285766790257191E-002
   5.0090090090090094       -3.7081257517342939E-002
   5.0150150150150150       -3.6878180693296847E-002
   5.0210210210210207       -3.6676524974600139E-002
   5.0270270270270272       -3.6476279118494923E-002
   5.0330330330330328       -3.6277431981981252E-002
   5.0390390390390394       -3.6079972520825641E-002
   5.0450450450450450       -3.5883889788580953E-002
   5.0510510510510507       -3.5689172935617325E-002
   5.0570570570570572       -3.5495811208164155E-002
   5.0630630630630629       -3.5303793947362799E-002
   5.0690690690690694       -3.5113110588330144E-002
   5.0750750750750750       -3.4923750659232616E-002
   5.0810810810810807       -3.4735703780370400E-002
   5.0870870870870872       -3.4548959663272281E-002
   5.0930930930930929       -3.4363508109800586E-002
   5.0990990990990994       -3.4179339011265748E-002
   5.1051051051051051       -3.3996442347551274E-002
   5.1111111111111107       -3.3814808186247949E-002
   5.1171171171171173       -3.3634426681798051E-002
   5.1231231231231229       -3.3455288074648946E-002
   5.1291291291291294       -3.3277382690416031E-002
   5.1351351351351351       -3.3100700939054657E-002
   5.1411411411411407       -3.2925233314041881E-002
   5.1471471471471473       -3.2750970391566402E-002
   5.1531531531531529       -3.2577902829728146E-002
   5.1591591591591595       -3.2406021367745945E-002
   5.1651651651651651       -3.2235316825174561E-002
   5.1711711711711708       -3.2065780101129773E-002
   5.1771771771771773       -3.1897402173522035E-002
   5.1831831831831829       -3.1730174098298765E-002
   5.1891891891891895       -3.1564087008694418E-002
   5.1951951951951951       -3.1399132114488970E-002
   5.2012012012012008       -3.1235300701274678E-002
   5.2072072072072073       -3.1072584129730147E-002
   5.2132132132132130       -3.0910973834902749E-002
   5.2192192192192195       -3.0750461325498607E-002
   5.2252252252252251       -3.0591038183180444E-002
   5.2312312312312308       -3.0432696061872211E-002
   5.2372372372372373       -3.0275426687072365E-002
   5.2432432432432430       -3.0119221855173538E-002
   5.2492492492492495       -2.9964073432789763E-002
   5.2552552552552552       -2.9809973356091299E-002
   5.2612612612612608       -2.9656913630145627E-002
   5.2672672672672673       -2.9504886328266505E-002
   5.2732732732732730       -2.9353883591369159E-002
   5.2792792792792795       -2.9203897627332852E-002
   5.2852852852852852       -2.9054920710369532E-002
   5.2912912912912908       -2.8906945180400087E-002
   5.2972972972972974       -2.8759963442436195E-002
   5.3033033033033030       -2.8613967965969572E-002
   5.3093093093093096       -2.8468951284366852E-002
   5.3153153153153152       -2.8324905994271583E-002
   5.3213213213213209       -2.8181824755011815E-002
   5.3273273273273274       -2.8039700288014346E-002
   5.3333333333333330       -2.7898525376225069E-002
   5.3393393393393396       -2.7758292863534890E-002
   5.3453453453453452       -2.7618995654212452E-002
   5.3513513513513509       -2.7480626712341864E-002
   5.3573573573573574       -2.7343179061267108E-002
   5.3633633633633631       -2.7206645783041494E-002
   5.3693693693693696       -2.7071020017883425E-002
   5.3753753753753752       -2.6936294963637260E-002
   5.3813813813813809       -2.6802463875240275E-002
   5.3873873873873874       -2.6669520064194607E-002
   5.3933933933933931       -2.6537456898045042E-002
   5.3993993993993996       -2.6406267799861972E-002
   5.4054054054054053       -2.6275946247729831E-002
   5.4114114114114118       -2.6146485774240374E-002
   5.4174174174174174       -2.6017879965991721E-002
   5.4234234234234231       -2.5890122463092226E-002
   5.4294294294294296       -2.5763206958669252E-002
   5.4354354354354353       -2.5637127198383250E-002
   5.4414414414414418       -2.5511876979946693E-002
   5.4474474474474475       -2.5387450152647848E-002
   5.4534534534534531       -2.5263840616879550E-002
   5.4594594594594597       -2.5141042323672372E-002
   5.4654654654654653       -2.5019049274233148E-002
   5.4714714714714718       -2.4897855519487418E-002
   5.4774774774774775       -2.4777455159627298E-002
   5.4834834834834831       -2.4657842343663160E-002
   5.4894894894894897       -2.4539011268980334E-002
   5.4954954954954953       -2.4420956180900118E-002
   5.5015015015015019       -2.4303671372245268E-002
   5.5075075075075075       -2.4187151182909532E-002
   5.5135135135135132       -2.4071389999431956E-002
   5.5195195195195197       -2.3956382254575373E-002
   5.5255255255255253       -2.3842122426908533E-002
   5.5315315315315319       -2.3728605040393362E-002
   5.5375375375375375       -2.3615824663975625E-002
   5.5435435435435432       -2.3503775911179709E-002
   5.5495495495495497       -2.3392453439707885E-002
   5.5555555555555554       -2.3281851951043164E-002
   5.5615615615615619       -2.3171966190056174E-002
   5.5675675675675675       -2.3062790944616076E-002
   5.5735735735735732       -2.2954321045205086E-002
   5.5795795795795797       -2.2846551364537050E-002
   5.5855855855855854       -2.2739476817179801E-002
   5.5915915915915919       -2.2633092359180797E-002
   5.5975975975975976       -2.2527392987697167E-002
   5.6036036036036032       -2.2422373740628776E-002
   5.6096096096096097       -2.2318029696255230E-002
   5.6156156156156154       -2.2214355972876416E-002
   5.6216216216216219       -2.2111347728456257E-002
   5.6276276276276276       -2.2009000160270634E-002
   5.6336336336336332       -2.1907308504557920E-002
   5.6396396396396398       -2.1806268036173512E-002
   5.6456456456456454       -2.1705874068247758E-002
   5.6516516516516520       -2.1606121951846583E-002
   5.6576576576576576       -2.1507007075636412E-002
   5.6636636636636633       -2.1408524865551368E-002
   5.6696696696696698       -2.1310670784464338E-002
   5.6756756756756754       -2.1213440331861132E-002
   5.6816816816816820       -2.1116829043517492E-002
   5.6876876876876876       -2.1020832491179708E-002
   5.6936936936936933       -2.0925446282247882E-002
   5.6996996996996998       -2.0830666059462575E-002
   5.7057057057057055       -2.0736487500594245E-002
   5.7117117117117120       -2.0642906318135899E-002
   5.7177177177177176       -2.0549918258998618E-002
   5.7237237237237233       -2.0457519104209822E-002
   5.7297297297297298       -2.0365704668614811E-002
   5.7357357357357355       -2.0274470800580851E-002
   5.7417417417417420       -2.0183813381704316E-002
   5.7477477477477477       -2.0093728326520396E-002
   5.7537537537537533       -2.0004211582215974E-002
   5.7597597597597598       -1.9915259128344884E-002
   5.7657657657657655       -1.9826866976545902E-002
   5.7717717717717720       -1.9739031170263752E-002
   5.7777777777777777       -1.9651747784472526E-002
   5.7837837837837833       -1.9565012925401647E-002
   5.7897897897897899       -1.9478822730264803E-002
   5.7957957957957955       -1.9393173366991132E-002
   5.8018018018018020       -1.9308061033958927E-002
   5.8078078078078077       -1.9223481959732294E-002
   5.8138138138138133       -1.9139432402799798E-002
   5.8198198198198199       -1.9055908651315834E-002
   5.8258258258258255       -1.8972907022844637E-002
   5.8318318318318321       -1.8890423864106217E-002
   5.8378378378378377       -1.8808455550725075E-002
   5.8438438438438434       -1.8726998486981318E-002
   5.8498498498498499       -1.8646049105563889E-002
   5.8558558558558556       -1.8565603867326180E-002
   5.8618618618618621       -1.8485659261044077E-002
   5.8678678678678677       -1.8406211803176208E-002
   5.8738738738738734       -1.8327258037626318E-002
   5.8798798798798799       -1.8248794535508171E-002
   5.8858858858858856       -1.8170817894912386E-002
   5.8918918918918921       -1.8093324740675435E-002
   5.8978978978978978       -1.8016311724151111E-002
   5.9039039039039043       -1.7939775522983842E-002
   5.9099099099099099       -1.7863712840884210E-002
   5.9159159159159156       -1.7788120407406641E-002
   5.9219219219219221       -1.7712994977729005E-002
   5.9279279279279278       -1.7638333332434489E-002
   5.9339339339339343       -1.7564132277295249E-002
   5.9399399399399400       -1.7490388643058345E-002
   5.9459459459459456       -1.7417099285233432E-002
   5.9519519519519521       -1.7344261083882474E-002
   5.9579579579579578       -1.7271870943411666E-002
   5.9639639639639643       -1.7199925792364828E-002
   5.9699699699699700       -1.7128422583219088E-002
   5.9759759759759756       -1.7057358292182329E-002
   5.9819819819819822       -1.6986729918992447E-002
   5.9879879879879878       -1.6916534486718541E-002
   5.9939939939939944       -1.6846769041563972E-002
   6.0000000000000000       -1.6777430652671104E-002
