 X =   0.50000000000000000      Y =    0.0000000000000000      Npts =        1000
   0.0000000000000000       -1.6668579875688960     
   6.0060060060060060E-003  -1.6669001445650655     
   1.2012012012012012E-002  -1.6676397060238446     
   1.8018018018018018E-002  -1.6690764580246475     
   2.4024024024024024E-002  -1.6712099608524587     
   3.0030030030030030E-002  -1.6740395491664224     
   3.6036036036036036E-002  -1.6775643322590896     
   4.2042042042042038E-002  -1.6817831944062616     
   4.8048048048048048E-002  -1.6866947953072113     
   5.4054054054054057E-002  -1.6922975706150558     
   6.0060060060060060E-002  -1.6985897325570549     
   6.6066066066066062E-002  -1.7055692706443850     
   7.2072072072072071E-002  -1.7132339524711675     
   7.8078078078078081E-002  -1.7215813246022638     
   8.4084084084084076E-002  -1.7306087135493238     
   9.0090090090090086E-002  -1.7403132268347130     
   9.6096096096096095E-002  -1.7506917541426488     
  0.10210210210210210       -1.7617409685570113     
  0.10810810810810811       -1.7734573278852119     
  0.11411411411411411       -1.7858370760673363     
  0.12012012012012012       -1.7988762446699846     
  0.12612612612612611       -1.8125706544639280     
  0.13213213213213212       -1.8269159170848082     
  0.13813813813813813       -1.8419074367760631     
  0.14414414414414414       -1.8575404122131309     
  0.15015015015015015       -1.8738098384080306     
  0.15615615615615616       -1.8907105086933984     
  0.16216216216216217       -1.9082370167848417     
  0.16816816816816815       -1.9263837589207100     
  0.17417417417417416       -1.9451449360780866     
  0.18018018018018017       -1.9645145562639328     
  0.18618618618618618       -1.9844864368802384     
  0.19219219219219219       -2.0050542071618978     
  0.19819819819819820       -2.0262113106861808     
  0.20420420420420421       -2.0479510079525243     
  0.21021021021021022       -2.0702663790312279     
  0.21621621621621623       -2.0931503262799134     
  0.22222222222222221       -2.1165955771261977     
  0.22822822822822822       -2.1405946869153407     
  0.23423423423423423       -2.1651400418213402     
  0.24024024024024024       -2.1902238618200638     
  0.24624624624624625       -2.2158382037229685     
  0.25225225225225223       -2.2419749642698017     
  0.25825825825825827       -2.2686258832788884     
  0.26426426426426425       -2.2957825468533053     
  0.27027027027027029       -2.3234363906414841     
  0.27627627627627627       -2.3515787031505275     
  0.28228228228228230       -2.3802006291106825     
  0.28828828828828829       -2.4092931728892935     
  0.29429429429429427       -2.4388472019525711     
  0.30030030030030030       -2.4688534503734609     
  0.30630630630630629       -2.4993025223839367     
  0.31231231231231232       -2.5301848959699695     
  0.31831831831831831       -2.5614909265074348     
  0.32432432432432434       -2.5932108504372113     
  0.33033033033033032       -2.6253347889776713     
  0.33633633633633631       -2.6578527518727886     
  0.34234234234234234       -2.6907546411740828     
  0.34834834834834832       -2.7240302550545779     
  0.35435435435435436       -2.7576692916529240     
  0.36036036036036034       -2.7916613529459045     
  0.36636636636636638       -2.8259959486474919     
  0.37237237237237236       -2.8606625001325328     
  0.37837837837837840       -2.8956503443832995     
  0.38438438438438438       -2.9309487379570398     
  0.39039039039039036       -2.9665468609726124     
  0.39639639639639640       -3.0024338211143942     
  0.40240240240240238       -3.0385986576516171     
  0.40840840840840842       -3.0750303454711938     
  0.41441441441441440       -3.1117177991222711     
  0.42042042042042044       -3.1486498768705791     
  0.42642642642642642       -3.1858153847607267     
  0.43243243243243246       -3.2232030806846486     
  0.43843843843843844       -3.2608016784542531     
  0.44444444444444442       -3.2985998518765505     
  0.45045045045045046       -3.3365862388293159     
  0.45645645645645644       -3.3747494453355245     
  0.46246246246246248       -3.4130780496347515     
  0.46846846846846846       -3.4515606062496205     
  0.47447447447447449       -3.4901856500456852     
  0.48048048048048048       -3.5289417002827634     
  0.48648648648648646       -3.5678172646560915     
  0.49249249249249250       -3.6068008433254843     
  0.49849849849849848       -3.6458809329307278     
  0.50450450450450446       -3.6850460305915487     
  0.51051051051051055       -3.7242846378903760     
  0.51651651651651653       -3.7635852648362436     
  0.52252252252252251       -3.8029364338081284     
  0.52852852852852850       -3.8423266834760916     
  0.53453453453453448       -3.8817445726985613     
  0.54054054054054057       -3.9211786843941501     
  0.54654654654654655       -3.9606176293864022     
  0.55255255255255253       -4.0000500502199108     
  0.55855855855855852       -4.0394646249462474     
  0.56456456456456461       -4.0788500708781550     
  0.57057057057057059       -4.1181951483105355     
  0.57657657657657657       -4.1574886642067366     
  0.58258258258258255       -4.1967194758486714     
  0.58858858858858853       -4.2358764944493856     
  0.59459459459459463       -4.2749486887266315     
  0.60060060060060061       -4.3139250884360827     
  0.60660660660660659       -4.3527947878628988     
  0.61261261261261257       -4.3915469492702428     
  0.61861861861861867       -4.4301708063035292     
  0.62462462462462465       -4.4686556673491618     
  0.63063063063063063       -4.5069909188464257     
  0.63663663663663661       -4.5451660285515318     
  0.64264264264264259       -4.5831705487524292     
  0.64864864864864868       -4.6209941194334752     
  0.65465465465465467       -4.6586264713886694     
  0.66066066066066065       -4.6960574292825532     
  0.66666666666666663       -4.7332769146576270     
  0.67267267267267261       -4.7702749488873408     
  0.67867867867867870       -4.8070416560736913     
  0.68468468468468469       -4.8435672658884972     
  0.69069069069069067       -4.8798421163574170     
  0.69669669669669665       -4.9158566565859259     
  0.70270270270270274       -4.9516014494263452     
  0.70870870870870872       -4.9870671740851851     
  0.71471471471471471       -5.0222446286700393     
  0.72072072072072069       -5.0571247326752875     
  0.72672672672672667       -5.0916985294059423     
  0.73273273273273276       -5.1259571883389761     
  0.73873873873873874       -5.1598920074215524     
  0.74474474474474472       -5.1934944153055245     
  0.75075075075075071       -5.2267559735176921     
  0.75675675675675680       -5.2596683785653475     
  0.76276276276276278       -5.2922234639765531     
  0.76876876876876876       -5.3244132022747985     
  0.77477477477477474       -5.3562297068875973     
  0.78078078078078073       -5.3876652339886730     
  0.78678678678678682       -5.4187121842733994     
  0.79279279279279280       -5.4493631046672046     
  0.79879879879879878       -5.4796106899667132     
  0.80480480480480476       -5.5094477844133500     
  0.81081081081081086       -5.5388673831992516     
  0.81681681681681684       -5.5678626339053610     
  0.82282282282282282       -5.5964268378715225     
  0.82882882882882880       -5.6245534514985627     
  0.83483483483483478       -5.6522360874822546     
  0.84084084084084088       -5.6794685159791989     
  0.84684684684684686       -5.7062446657046086     
  0.85285285285285284       -5.7325586249620564     
  0.85885885885885882       -5.7584046426052833     
  0.86486486486486491       -5.7837771289321722     
  0.87087087087087089       -5.8086706565110431     
  0.87687687687687688       -5.8330799609394601     
  0.88288288288288286       -5.8569999415357490     
  0.88888888888888884       -5.8804256619634847     
  0.89489489489489493       -5.9033523507892003     
  0.90090090090090091       -5.9257754019736799     
  0.90690690690690690       -5.9476903752970713     
  0.91291291291291288       -5.9690929967183139     
  0.91891891891891886       -5.9899791586691489     
  0.92492492492492495       -6.0103449202832131     
  0.93093093093093093       -6.0301865075606500     
  0.93693693693693691       -6.0495003134686840     
  0.94294294294294290       -6.0682828979787207     
  0.94894894894894899       -6.0865309880404252     
  0.95495495495495497       -6.1042414774934111     
  0.96096096096096095       -6.1214114269170681     
  0.96696696696696693       -6.1380380634191525     
  0.97297297297297292       -6.1541187803637705     
  0.97897897897897901       -6.1696511370394020     
  0.98498498498498499       -6.1846328582676398     
  0.99099099099099097       -6.1990618339533361     
  0.99699699699699695       -6.2129361185769065     
   1.0030030030030030       -6.2262539306294569     
   1.0090090090090089       -6.2390136519915931     
   1.0150150150150150       -6.2512138272566045     
   1.0210210210210211       -6.2628531629988693     
   1.0270270270270270       -6.2739305269882699     
   1.0330330330330331       -6.2844449473514965     
   1.0390390390390389       -6.2943956116810096     
   1.0450450450450450       -6.3037818660926348     
   1.0510510510510511       -6.3126032142325688     
   1.0570570570570570       -6.3208593162347677     
   1.0630630630630631       -6.3285499876296081     
   1.0690690690690690       -6.3356751982047133     
   1.0750750750750750       -6.3422350708189548     
   1.0810810810810811       -6.3482298801705195     
   1.0870870870870870       -6.3536600515200137     
   1.0930930930930931       -6.3585261593696281     
   1.0990990990990992       -6.3628289260992759     
   1.1051051051051051       -6.3665692205607618     
   1.1111111111111112       -6.3697480566309421     
   1.1171171171171170       -6.3723665917249219     
   1.1231231231231231       -6.3744261252702659     
   1.1291291291291292       -6.3759280971433201     
   1.1351351351351351       -6.3768740860685957     
   1.1411411411411412       -6.3772658079823081     
   1.1471471471471471       -6.3771051143611217     
   1.1531531531531531       -6.3763939905171023     
   1.1591591591591592       -6.3751345538599749     
   1.1651651651651651       -6.3733290521277279     
   1.1711711711711712       -6.3709798615866235     
   1.1771771771771771       -6.3680894852016756     
   1.1831831831831832       -6.3646605507786633     
   1.1891891891891893       -6.3606958090787336     
   1.1951951951951951       -6.3561981319066732     
   1.2012012012012012       -6.3511705101739064     
   1.2072072072072071       -6.3456160519372791     
   1.2132132132132132       -6.3395379804146952     
   1.2192192192192193       -6.3329396319786699     
   1.2252252252252251       -6.3258244541288526     
   1.2312312312312312       -6.3181960034445712     
   1.2372372372372373       -6.3100579435184674     
   1.2432432432432432       -6.3014140428722412     
   1.2492492492492493       -6.2922681728555814     
   1.2552552552552552       -6.2826243055292874     
   1.2612612612612613       -6.2724865115336446     
   1.2672672672672673       -6.2618589579430584     
   1.2732732732732732       -6.2507459061079800     
   1.2792792792792793       -6.2391517094851237     
   1.2852852852852852       -6.2270808114570046     
   1.2912912912912913       -6.2145377431417721     
   1.2972972972972974       -6.2015271211943324     
   1.3033033033033032       -6.1880536455997683     
   1.3093093093093093       -6.1741220974599802     
   1.3153153153153152       -6.1597373367745583     
   1.3213213213213213       -6.1449043002168144     
   1.3273273273273274       -6.1296279989059235     
   1.3333333333333333       -6.1139135161761029     
   1.3393393393393394       -6.0977660053437521     
   1.3453453453453452       -6.0811906874734794     
   1.3513513513513513       -6.0641928491438826     
   1.3573573573573574       -6.0467778402140109     
   1.3633633633633633       -6.0289510715913410     
   1.3693693693693694       -6.0107180130021707     
   1.3753753753753755       -5.9920841907652509     
   1.3813813813813813       -5.9730551855695149     
   1.3873873873873874       -5.9536366302567032     
   1.3933933933933933       -5.9338342076097312     
   1.3993993993993994       -5.9136536481475632     
   1.4054054054054055       -5.8931007279273970     
   1.4114114114114114       -5.8721812663549251     
   1.4174174174174174       -5.8509011240034203     
   1.4234234234234233       -5.8292662004424010     
   1.4294294294294294       -5.8072824320765841     
   1.4354354354354355       -5.7849557899958706     
   1.4414414414414414       -5.7622922778370187     
   1.4474474474474475       -5.7392979296577176     
   1.4534534534534533       -5.7159788078237321     
   1.4594594594594594       -5.6923410009097353     
   1.4654654654654655       -5.6683906216145266     
   1.4714714714714714       -5.6441338046911937     
   1.4774774774774775       -5.6195767048928618     
   1.4834834834834836       -5.5947254949346332     
   1.4894894894894894       -5.5695863634722489     
   1.4954954954954955       -5.5441655130980791     
   1.5015015015015014       -5.5184691583549608     
   1.5075075075075075       -5.4925035237684190     
   1.5135135135135136       -5.4662748418977962     
   1.5195195195195195       -5.4397893514067697     
   1.5255255255255256       -5.4130532951537509     
   1.5315315315315314       -5.3860729183026477     
   1.5375375375375375       -5.3588544664544173     
   1.5435435435435436       -5.3314041837998607     
   1.5495495495495495       -5.3037283112940825     
   1.5555555555555556       -5.2758330848530131     
   1.5615615615615615       -5.2477247335724027     
   1.5675675675675675       -5.2194094779696396     
   1.5735735735735736       -5.1908935282487700     
   1.5795795795795795       -5.1621830825890695     
   1.5855855855855856       -5.1332843254574767     
   1.5915915915915915       -5.1042034259452356     
   1.5975975975975976       -5.0749465361290156     
   1.6036036036036037       -5.0455197894568347     
   1.6096096096096095       -5.0159292991590210     
   1.6156156156156156       -4.9861811566845002     
   1.6216216216216217       -4.9562814301626412     
   1.6276276276276276       -4.9262361628908966     
   1.6336336336336337       -4.8960513718484382     
   1.6396396396396395       -4.8657330462360351     
   1.6456456456456456       -4.8352871460423064     
   1.6516516516516517       -4.8047196006365649     
   1.6576576576576576       -4.7740363073884184     
   1.6636636636636637       -4.7432431303142399     
   1.6696696696696696       -4.7123458987506943     
   1.6756756756756757       -4.6813504060554152     
   1.6816816816816818       -4.6502624083349620     
   1.6876876876876876       -4.6190876232001301     
   1.6936936936936937       -4.5878317285487489     
   1.6996996996996996       -4.5565003613760089     
   1.7057057057057057       -4.5250991166123855     
   1.7117117117117118       -4.4936335459892405     
   1.7177177177177176       -4.4621091569321107     
   1.7237237237237237       -4.4305314114817325     
   1.7297297297297298       -4.3989057252428365     
   1.7357357357357357       -4.3672374663606925     
   1.7417417417417418       -4.3355319545254174     
   1.7477477477477477       -4.3037944600040650     
   1.7537537537537538       -4.2720302027004129     
   1.7597597597597598       -4.2402443512425014     
   1.7657657657657657       -4.2084420220977972     
   1.7717717717717718       -4.1766282787160014     
   1.7777777777777777       -4.1448081306994133     
   1.7837837837837838       -4.1129865330007780     
   1.7897897897897899       -4.0811683851485725     
   1.7957957957957957       -4.0493585304996094     
   1.8018018018018018       -4.0175617555188827     
   1.8078078078078077       -3.9857827890865791     
   1.8138138138138138       -3.9540263018320880     
   1.8198198198198199       -3.9222969054949699     
   1.8258258258258258       -3.8905991523126837     
   1.8318318318318318       -3.8589375344350030     
   1.8378378378378377       -3.8273164833649536     
   1.8438438438438438       -3.7957403694261229     
   1.8498498498498499       -3.7642135012562212     
   1.8558558558558558       -3.7327401253266994     
   1.8618618618618619       -3.7013244254882789     
   1.8678678678678680       -3.6699705225422292     
   1.8738738738738738       -3.6386824738372021     
   1.8798798798798799       -3.6074642728914448     
   1.8858858858858858       -3.5763198490402108     
   1.8918918918918919       -3.5452530671081681     
   1.8978978978978980       -3.5142677271066147     
   1.9039039039039038       -3.4833675639552810     
   1.9099099099099099       -3.4525562472285305     
   1.9159159159159158       -3.4218373809257359     
   1.9219219219219219       -3.3912145032656054     
   1.9279279279279280       -3.3606910865042576     
   1.9339339339339339       -3.3302705367767906     
   1.9399399399399400       -3.2999561939621347     
   1.9459459459459458       -3.2697513315709461     
   1.9519519519519519       -3.2396591566563004     
   1.9579579579579580       -3.2096828097469485     
   1.9639639639639639       -3.1798253648028809     
   1.9699699699699700       -3.1500898291929471     
   1.9759759759759759       -3.1204791436942956     
   1.9819819819819819       -3.0909961825133427     
   1.9879879879879880       -3.0616437533280503     
   1.9939939939939939       -3.0324245973512132     
   2.0000000000000000       -3.0033413894144938     
   2.0060060060060061       -2.9743967380729708     
   2.0120120120120122       -2.9455931857298694     
   2.0180180180180178       -2.9169332087812490     
   2.0240240240240239       -2.8884192177803234     
   2.0300300300300300       -2.8600535576211872     
   2.0360360360360361       -2.8318385077416073     
   2.0420420420420422       -2.8037762823446282     
   2.0480480480480479       -2.7758690306386944     
   2.0540540540540539       -2.7481188370959728     
   2.0600600600600600       -2.7205277217286468     
   2.0660660660660661       -2.6930976403827978     
   2.0720720720720722       -2.6658304850496384     
   2.0780780780780779       -2.6387280841937897     
   2.0840840840840840       -2.6117922030982537     
   2.0900900900900901       -2.5850245442258490     
   2.0960960960960962       -2.5584267475967355     
   2.1021021021021022       -2.5320003911817532     
   2.1081081081081079       -2.5057469913112689     
   2.1141141141141140       -2.4796680030991793     
   2.1201201201201201       -2.4537648208818199     
   2.1261261261261262       -2.4280387786713966     
   2.1321321321321323       -2.4024911506236588     
   2.1381381381381379       -2.3771231515195002     
   2.1441441441441440       -2.3519359372601212     
   2.1501501501501501       -2.3269306053754990     
   2.1561561561561562       -2.3021081955457734     
   2.1621621621621623       -2.2774696901352596     
   2.1681681681681679       -2.2530160147387539     
   2.1741741741741740       -2.2287480387397913     
   2.1801801801801801       -2.2046665758805495     
   2.1861861861861862       -2.1807723848430371     
   2.1921921921921923       -2.1570661698412503     
   2.1981981981981984       -2.1335485812239665     
   2.2042042042042040       -2.1102202160878285     
   2.2102102102102101       -2.0870816189003825     
   2.2162162162162162       -2.0641332821327580     
   2.2222222222222223       -2.0413756469016060     
   2.2282282282282284       -2.0188091036199971     
   2.2342342342342341       -1.9964339926569137     
   2.2402402402402402       -1.9742506050050150     
   2.2462462462462462       -1.9522591829563123     
   2.2522522522522523       -1.9304599207854309     
   2.2582582582582584       -1.9088529654401041     
   2.2642642642642641       -1.8874384172385614     
   2.2702702702702702       -1.8662163305734634     
   2.2762762762762763       -1.8451867146220498     
   2.2822822822822824       -1.8243495340621445     
   2.2882882882882885       -1.8037047097936776     
   2.2942942942942941       -1.7832521196653894     
   2.3003003003003002       -1.7629915992063547     
   2.3063063063063063       -1.7429229423620067     
   2.3123123123123124       -1.7230459022343074     
   2.3183183183183185       -1.7033601918257044     
   2.3243243243243241       -1.6838654847865751     
   2.3303303303303302       -1.6645614161657698     
   2.3363363363363363       -1.6454475831639515     
   2.3423423423423424       -1.6265235458893788     
   2.3483483483483485       -1.6077888281157842     
   2.3543543543543541       -1.5892429180420402     
   2.3603603603603602       -1.5708852690532402     
   2.3663663663663663       -1.5527153004829071     
   2.3723723723723724       -1.5347323983759593     
   2.3783783783783785       -1.5169359162521232     
   2.3843843843843842       -1.4993251758694741     
   2.3903903903903903       -1.4818994679877504     
   2.3963963963963963       -1.4646580531311655     
   2.4024024024024024       -1.4476001623503545     
   2.4084084084084085       -1.4307249979831635     
   2.4144144144144142       -1.4140317344139672     
   2.4204204204204203       -1.3975195188311884     
   2.4264264264264264       -1.3811874719827415     
   2.4324324324324325       -1.3650346889290725     
   2.4384384384384385       -1.3490602397934945     
   2.4444444444444446       -1.3332631705095550     
   2.4504504504504503       -1.3176425035650978     
   2.4564564564564564       -1.3021972387427749     
   2.4624624624624625       -1.2869263538566957     
   2.4684684684684686       -1.2718288054849516     
   2.4744744744744747       -1.2569035296977358     
   2.4804804804804803       -1.2421494427807913     
   2.4864864864864864       -1.2275654419539233     
   2.4924924924924925       -1.2131504060843232     
   2.4984984984984986       -1.1989031963944372     
   2.5045045045045047       -1.1848226571641518     
   2.5105105105105103       -1.1709076164270378     
   2.5165165165165164       -1.1571568866604207     
   2.5225225225225225       -1.1435692654690661     
   2.5285285285285286       -1.1301435362622185     
   2.5345345345345347       -1.1168784689238185     
   2.5405405405405403       -1.1037728204756567     
   2.5465465465465464       -1.0908253357332702     
   2.5525525525525525       -1.0780347479543928     
   2.5585585585585586       -1.0653997794797545     
   2.5645645645645647       -1.0529191423660413     
   2.5705705705705704       -1.0405915390108702     
   2.5765765765765765       -1.0284156627695584     
   2.5825825825825826       -1.0163901985635748     
   2.5885885885885886       -1.0045138234804820     
   2.5945945945945947      -0.99278520736523002     
   2.6006006006006004      -0.98120301340267546     
   2.6066066066066065      -0.96976589869115781     
   2.6126126126126126      -0.95847251480705020     
   2.6186186186186187      -0.94732150836012541     
   2.6246246246246248      -0.93631152153964459     
   2.6306306306306304      -0.92544119265106628     
   2.6366366366366365      -0.91470915664326635     
   2.6426426426426426      -0.90411404562619579     
   2.6486486486486487      -0.89365448937887382     
   2.6546546546546548      -0.88332911584766327     
   2.6606606606606604      -0.87313655163474457     
   2.6666666666666665      -0.86307542247673119     
   2.6726726726726726      -0.85314435371338870     
   2.6786786786786787      -0.84334197074639139     
   2.6846846846846848      -0.83366689948809158     
   2.6906906906906904      -0.82411776680026771     
   2.6966966966966965      -0.81469320092282438     
   2.7027027027027026      -0.80539183189243779     
   2.7087087087087087      -0.79621229195112397     
   2.7147147147147148      -0.78715321594473309     
   2.7207207207207209      -0.77821324171137962     
   2.7267267267267266      -0.76939101045980463     
   2.7327327327327327      -0.76068516713770506     
   2.7387387387387387      -0.75209436079003811     
   2.7447447447447448      -0.74361724490733883     
   2.7507507507507509      -0.73525247776408542     
   2.7567567567567566      -0.72699872274715494     
   2.7627627627627627      -0.71885464867440974     
   2.7687687687687688      -0.71081893010348574     
   2.7747747747747749      -0.70289024763081820     
   2.7807807807807809      -0.69506728818099228     
   2.7867867867867866      -0.68734874528646883     
   2.7927927927927927      -0.67973331935777237     
   2.7987987987987988      -0.67221971794422231     
   2.8048048048048049      -0.66480665598527500     
   2.8108108108108110      -0.65749285605259145     
   2.8168168168168166      -0.65027704858289848     
   2.8228228228228227      -0.64315797210175718     
   2.8288288288288288      -0.63613437343833801     
   2.8348348348348349      -0.62920500793129963     
   2.8408408408408410      -0.62236863962588962     
   2.8468468468468466      -0.61562404146237570     
   2.8528528528528527      -0.60896999545591957     
   2.8588588588588588      -0.60240529286802391     
   2.8648648648648649      -0.59592873436965854     
   2.8708708708708710      -0.58953913019620108     
   2.8768768768768767      -0.58323530029431814     
   2.8828828828828827      -0.57701607446090919     
   2.8888888888888888      -0.57088029247425598     
   2.8948948948948949      -0.56482680421749976     
   2.9009009009009010      -0.55885446979458919     
   2.9069069069069067      -0.55296215963883211     
   2.9129129129129128      -0.54714875461419343     
   2.9189189189189189      -0.54141314610947222     
   2.9249249249249250      -0.53575423612550932     
   2.9309309309309310      -0.53017093735555543     
   2.9369369369369367      -0.52466217325895192     
   2.9429429429429428      -0.51922687812826340     
   2.9489489489489489      -0.51386399715000619     
   2.9549549549549550      -0.50857248645912045     
   2.9609609609609611      -0.50335131318732240     
   2.9669669669669672      -0.49819945550549288     
   2.9729729729729728      -0.49311590266023692     
   2.9789789789789789      -0.48809965500476060     
   2.9849849849849850      -0.48314972402421813     
   2.9909909909909911      -0.47826513235565854     
   2.9969969969969972      -0.47344491380272530     
   3.0030030030030028      -0.46868811334524918     
   3.0090090090090089      -0.46399378714387196     
   3.0150150150150150      -0.45936100253985074     
   3.0210210210210211      -0.45478883805017001     
   3.0270270270270272      -0.45027638335811315     
   3.0330330330330328      -0.44582273929941951     
   3.0390390390390389      -0.44142701784417332     
   3.0450450450450450      -0.43708834207455327     
   3.0510510510510511      -0.43280584615857476     
   3.0570570570570572      -0.42857867531996685     
   3.0630630630630629      -0.42440598580430022     
   3.0690690690690690      -0.42028694484150603     
   3.0750750750750750      -0.41622073060491105     
   3.0810810810810811      -0.41220653216690878     
   3.0870870870870872      -0.40824354945139668     
   3.0930930930930929      -0.40433099318309873     
   3.0990990990990990      -0.40046808483389268     
   3.1051051051051051      -0.39665405656626224     
   3.1111111111111112      -0.39288815117398884     
   3.1171171171171173      -0.38916962202019612     
   3.1231231231231229      -0.38549773297286255     
   3.1291291291291290      -0.38187175833790804     
   3.1351351351351351      -0.37829098278996781     
   3.1411411411411412      -0.37475470130095456     
   3.1471471471471473      -0.37126221906651524     
   3.1531531531531529      -0.36781285143048498     
   3.1591591591591590      -0.36440592380743547     
   3.1651651651651651      -0.36104077160341869     
   3.1711711711711712      -0.35771674013499777     
   3.1771771771771773      -0.35443318454666300     
   3.1831831831831829      -0.35118946972671788     
   3.1891891891891890      -0.34798497022173069     
   3.1951951951951951      -0.34481907014963725     
   3.2012012012012012      -0.34169116311157427     
   3.2072072072072073      -0.33860065210253587     
   3.2132132132132134      -0.33554694942092544     
   3.2192192192192191      -0.33252947657708604     
   3.2252252252252251      -0.32954766420088466     
   3.2312312312312312      -0.32660095194842803     
   3.2372372372372373      -0.32368878840797738     
   3.2432432432432434      -0.32081063100513652     
   3.2492492492492491      -0.31796594590738320     
   3.2552552552552552      -0.31515420792800486     
   3.2612612612612613      -0.31237490042951255     
   3.2672672672672673      -0.30962751522658771     
   3.2732732732732734      -0.30691155248862761     
   3.2792792792792791      -0.30422652064194744     
   3.2852852852852852      -0.30157193627169632     
   3.2912912912912913      -0.29894732402354507     
   3.2972972972972974      -0.29635221650519705     
   3.3033033033033035      -0.29378615418777559     
   3.3093093093093091      -0.29124868530713854     
   3.3153153153153152      -0.28873936576516868     
   3.3213213213213213      -0.28625775903108908     
   3.3273273273273274      -0.28380343604284458     
   3.3333333333333335      -0.28137597510859963     
   3.3393393393393391      -0.27897496180838838     
   3.3453453453453452      -0.27659998889596449     
   3.3513513513513513      -0.27425065620088568     
   3.3573573573573574      -0.27192657053087266     
   3.3633633633633635      -0.26962734557447943     
   3.3693693693693691      -0.26735260180411002     
   3.3753753753753752      -0.26510196637941363     
   3.3813813813813813      -0.26287507305109581     
   3.3873873873873874      -0.26067156206516984     
   3.3933933933933935      -0.25849108006768495     
   3.3993993993993992      -0.25633328000995503     
   3.4054054054054053      -0.25419782105431871     
   3.4114114114114114      -0.25208436848045501     
   3.4174174174174174      -0.24999259359228138     
   3.4234234234234235      -0.24792217362545582     
   3.4294294294294292      -0.24587279165550927     
   3.4354354354354353      -0.24384413650662443     
   3.4414414414414414      -0.24183590266109087     
   3.4474474474474475      -0.23984779016944519     
   3.4534534534534536      -0.23787950456132403     
   3.4594594594594597      -0.23593075675704228     
   3.4654654654654653      -0.23400126297991483     
   3.4714714714714714      -0.23209074466933849     
   3.4774774774774775      -0.23019892839464798     
   3.4834834834834836      -0.22832554576975941     
   3.4894894894894897      -0.22647033336861730     
   3.4954954954954953      -0.22463303264145223     
   3.5015015015015014      -0.22281338983186677     
   3.5075075075075075      -0.22101115589475559     
   3.5135135135135136      -0.21922608641507316     
   3.5195195195195197      -0.21745794152745332     
   3.5255255255255253      -0.21570648583669699     
   3.5315315315315314      -0.21397148833912757     
   3.5375375375375375      -0.21225272234482606     
   3.5435435435435436      -0.21054996540075102     
   3.5495495495495497      -0.20886299921474882     
   3.5555555555555554      -0.20719160958045998     
   3.5615615615615615      -0.20553558630312441     
   3.5675675675675675      -0.20389472312629248     
   3.5735735735735736      -0.20226881765944191     
   3.5795795795795797      -0.20065767130650630     
   3.5855855855855854      -0.19906108919531360     
   3.5915915915915915      -0.19747888010794196     
   3.5975975975975976      -0.19591085641198883     
   3.6036036036036037      -0.19435683399275580     
   3.6096096096096097      -0.19281663218635089     
   3.6156156156156154      -0.19129007371370743     
   3.6216216216216215      -0.18977698461551490     
   3.6276276276276276      -0.18827719418806882     
   3.6336336336336337      -0.18679053492003109     
   3.6396396396396398      -0.18531684243009949     
   3.6456456456456454      -0.18385595540558977     
   3.6516516516516515      -0.18240771554192015     
   3.6576576576576576      -0.18097196748300146     
   3.6636636636636637      -0.17954855876252462     
   3.6696696696696698      -0.17813733974614571     
   3.6756756756756754      -0.17673816357456260     
   3.6816816816816815      -0.17535088610747768     
   3.6876876876876876      -0.17397536586844617     
   3.6936936936936937      -0.17261146399060090     
   3.6996996996996998      -0.17125904416324958     
   3.7057057057057055      -0.16991797257934099     
   3.7117117117117115      -0.16858811788379169     
   3.7177177177177176      -0.16726935112266983     
   3.7237237237237237      -0.16596154569322796     
   3.7297297297297298      -0.16466457729477943     
   3.7357357357357359      -0.16337832388041210     
   3.7417417417417416      -0.16210266560953160     
   3.7477477477477477      -0.16083748480122814     
   3.7537537537537538      -0.15958266588845968     
   3.7597597597597598      -0.15833809537304361     
   3.7657657657657659      -0.15710366178144963     
   3.7717717717717716      -0.15587925562138730     
   3.7777777777777777      -0.15466476933917844     
   3.7837837837837838      -0.15346009727790930     
   3.7897897897897899      -0.15226513563635119     
   3.7957957957957960      -0.15107978242864550     
   3.8018018018018016      -0.14990393744474145     
   3.8078078078078077      -0.14873750221157855     
   3.8138138138138138      -0.14758037995500894     
   3.8198198198198199      -0.14643247556244648     
   3.8258258258258260      -0.14529369554623750     
   3.8318318318318316      -0.14416394800774235     
   3.8378378378378377      -0.14304314260212053     
   3.8438438438438438      -0.14193119050381012     
   3.8498498498498499      -0.14082800437269241     
   3.8558558558558560      -0.13973349832093460     
   3.8618618618618616      -0.13864758788049769     
   3.8678678678678677      -0.13757018997130688     
   3.8738738738738738      -0.13650122287006861     
   3.8798798798798799      -0.13544060617973194     
   3.8858858858858860      -0.13438826079957958     
   3.8918918918918917      -0.13334410889594348     
   3.8978978978978978      -0.13230807387353502     
   3.9039039039039038      -0.13128008034737948     
   3.9099099099099099      -0.13026005411534800     
   3.9159159159159160      -0.12924792213127620     
   3.9219219219219217      -0.12824361247866220     
   3.9279279279279278      -0.12724705434493311     
   3.9339339339339339      -0.12625817799627376     
   3.9399399399399400      -0.12527691475300670     
   3.9459459459459461      -0.12430319696551458     
   3.9519519519519517      -0.12333695799069834     
   3.9579579579579578      -0.12237813216895994     
   3.9639639639639639      -0.12142665480170212     
   3.9699699699699700      -0.12048246212933729     
   3.9759759759759761      -0.11954549130979472     
   3.9819819819819822      -0.11861568039752012     
   3.9879879879879878      -0.11769296832295652     
   3.9939939939939939      -0.11677729487250019     
   4.0000000000000000      -0.11586860066892316     
   4.0060060060060056      -0.11496682715225065     
   4.0120120120120122      -0.11407191656109032     
   4.0180180180180178      -0.11318381191440179     
   4.0240240240240244      -0.11230245699369763     
   4.0300300300300300      -0.11142779632567154     
   4.0360360360360357      -0.11055977516524197     
   4.0420420420420422      -0.10969833947900472     
   4.0480480480480479      -0.10884343592908854     
   4.0540540540540544      -0.10799501185740074     
   4.0600600600600600      -0.10715301527026314     
   4.0660660660660657      -0.10631739482342181     
   4.0720720720720722      -0.10548809980743107     
   4.0780780780780779      -0.10466508013339873     
   4.0840840840840844      -0.10384828631908800     
   4.0900900900900901      -0.10303766947536949     
   4.0960960960960957      -0.10223318129301168     
   4.1021021021021022      -0.10143477402980965     
   4.1081081081081079      -0.10064240049803941     
   4.1141141141141144       -9.9856014052232614E-002
   4.1201201201201201       -9.9075568577267709E-002
   4.1261261261261257       -9.8301018476764965E-002
   4.1321321321321323       -9.7532318661784731E-002
   4.1381381381381379       -9.6769424539819279E-002
   4.1441441441441444       -9.6012292004071700E-002
   4.1501501501501501       -9.5260877423016893E-002
   4.1561561561561557       -9.4515137630237722E-002
   4.1621621621621623       -9.3775029914529476E-002
   4.1681681681681679       -9.3040512010268944E-002
   4.1741741741741745       -9.2311542088038212E-002
   4.1801801801801801       -9.1588078745502025E-002
   4.1861861861861858       -9.0870080998528252E-002
   4.1921921921921923       -9.0157508272550271E-002
   4.1981981981981980       -8.9450320394162230E-002
   4.2042042042042045       -8.8748477582942603E-002
   4.2102102102102101       -8.8051940443502286E-002
   4.2162162162162158       -8.7360669957749201E-002
   4.2222222222222223       -8.6674627477366623E-002
   4.2282282282282280       -8.5993774716499050E-002
   4.2342342342342345       -8.5318073744639497E-002
   4.2402402402402402       -8.4647486979715816E-002
   4.2462462462462458       -8.3981977181368433E-002
   4.2522522522522523       -8.3321507444417242E-002
   4.2582582582582580       -8.2666041192510711E-002
   4.2642642642642645       -8.2015542171954073E-002
   4.2702702702702702       -8.1369974445712173E-002
   4.2762762762762758       -8.0729302387580179E-002
   4.2822822822822824       -8.0093490676522439E-002
   4.2882882882882880       -7.9462504291169869E-002
   4.2942942942942945       -7.8836308504475677E-002
   4.3003003003003002       -7.8214868878523455E-002
   4.3063063063063058       -7.7598151259484480E-002
   4.3123123123123124       -7.6986121772718727E-002
   4.3183183183183180       -7.6378746818018553E-002
   4.3243243243243246       -7.5775993064988320E-002
   4.3303303303303302       -7.5177827448558304E-002
   4.3363363363363359       -7.4584217164628097E-002
   4.3423423423423424       -7.3995129665836296E-002
   4.3483483483483480       -7.3410532657453981E-002
   4.3543543543543546       -7.2830394093396561E-002
   4.3603603603603602       -7.2254682172352494E-002
   4.3663663663663668       -7.1683365334024890E-002
   4.3723723723723724       -7.1116412255482528E-002
   4.3783783783783781       -7.0553791847618050E-002
   4.3843843843843846       -6.9995473251709378E-002
   4.3903903903903903       -6.9441425836082121E-002
   4.3963963963963968       -6.8891619192869097E-002
   4.4024024024024024       -6.8346023134865874E-002
   4.4084084084084081       -6.7804607692477162E-002
   4.4144144144144146       -6.7267343110753483E-002
   4.4204204204204203       -6.6734199846514797E-002
   4.4264264264264268       -6.6205148565557245E-002
   4.4324324324324325       -6.5680160139943072E-002
   4.4384384384384381       -6.5159205645368520E-002
   4.4444444444444446       -6.4642256358609040E-002
   4.4504504504504503       -6.4129283755039443E-002
   4.4564564564564568       -6.3620259506225477E-002
   4.4624624624624625       -6.3115155477585713E-002
   4.4684684684684681       -6.2613943726121529E-002
   4.4744744744744747       -6.2116596498212315E-002
   4.4804804804804803       -6.1623086227474595E-002
   4.4864864864864868       -6.1133385532682404E-002
   4.4924924924924925       -6.0647467215748332E-002
   4.4984984984984981       -6.0165304259760549E-002
   4.5045045045045047       -5.9686869827077355E-002
   4.5105105105105103       -5.9212137257475164E-002
   4.5165165165165169       -5.8741080066348379E-002
   4.5225225225225225       -5.8273671942960702E-002
   4.5285285285285282       -5.7809886748744703E-002
   4.5345345345345347       -5.7349698515648584E-002
   4.5405405405405403       -5.6893081444529522E-002
   4.5465465465465469       -5.6440009903590077E-002
   4.5525525525525525       -5.5990458426858125E-002
   4.5585585585585582       -5.5544401712707150E-002
   4.5645645645645647       -5.5101814622417235E-002
   4.5705705705705704       -5.4662672178773970E-002
   4.5765765765765769       -5.4226949564703995E-002
   4.5825825825825826       -5.3794622121947647E-002
   4.5885885885885882       -5.3365665349764405E-002
   4.5945945945945947       -5.2940054903672935E-002
   4.6006006006006004       -5.2517766594222734E-002
   4.6066066066066069       -5.2098776385796651E-002
   4.6126126126126126       -5.1683060395443403E-002
   4.6186186186186182       -5.1270594891738429E-002
   4.6246246246246248       -5.0861356293672867E-002
   4.6306306306306304       -5.0455321169569273E-002
   4.6366366366366369       -5.0052466236022171E-002
   4.6426426426426426       -4.9652768356864017E-002
   4.6486486486486482       -4.9256204542155034E-002
   4.6546546546546548       -4.8862751947194874E-002
   4.6606606606606604       -4.8472387871557464E-002
   4.6666666666666670       -4.8085089758146335E-002
   4.6726726726726726       -4.7700835192270134E-002
   4.6786786786786783       -4.7319601900737931E-002
   4.6846846846846848       -4.6941367750972976E-002
   4.6906906906906904       -4.6566110750145030E-002
   4.6966966966966970       -4.6193809044318801E-002
   4.7027027027027026       -4.5824440917620418E-002
   4.7087087087087083       -4.5457984791418299E-002
   4.7147147147147148       -4.5094419223520171E-002
   4.7207207207207205       -4.4733722907384900E-002
   4.7267267267267270       -4.4375874671346835E-002
   4.7327327327327327       -4.4020853477855809E-002
   4.7387387387387383       -4.3668638422727481E-002
   4.7447447447447448       -4.3319208734408060E-002
   4.7507507507507505       -4.2972543773249557E-002
   4.7567567567567570       -4.2628623030796509E-002
   4.7627627627627627       -4.2287426129083802E-002
   4.7687687687687683       -4.1948932819943996E-002
   4.7747747747747749       -4.1613122984325700E-002
   4.7807807807807805       -4.1279976631619725E-002
   4.7867867867867870       -4.0949473898995510E-002
   4.7927927927927927       -4.0621595050745529E-002
   4.7987987987987983       -4.0296320477637572E-002
   4.8048048048048049       -3.9973630696275318E-002
   4.8108108108108105       -3.9653506348465969E-002
   4.8168168168168171       -3.9335928200594734E-002
   4.8228228228228227       -3.9020877143006942E-002
   4.8288288288288284       -3.8708334189394886E-002
   4.8348348348348349       -3.8398280476192537E-002
   4.8408408408408405       -3.8090697261974657E-002
   4.8468468468468471       -3.7785565926862011E-002
   4.8528528528528527       -3.7482867971931927E-002
   4.8588588588588584       -3.7182585018633044E-002
   4.8648648648648649       -3.6884698808205552E-002
   4.8708708708708706       -3.6589191201105709E-002
   4.8768768768768771       -3.6296044176433839E-002
   4.8828828828828827       -3.6005239831367615E-002
   4.8888888888888893       -3.5716760380597665E-002
   4.8948948948948949       -3.5430588155768106E-002
   4.9009009009009006       -3.5146705604919393E-002
   4.9069069069069071       -3.4865095291935023E-002
   4.9129129129129128       -3.4585739895990980E-002
   4.9189189189189193       -3.4308622211008076E-002
   4.9249249249249250       -3.4033725145107122E-002
   4.9309309309309306       -3.3761031720066337E-002
   4.9369369369369371       -3.3490525070781471E-002
   4.9429429429429428       -3.3222188444728094E-002
   4.9489489489489493       -3.2956005201425762E-002
   4.9549549549549550       -3.2691958811904911E-002
   4.9609609609609606       -3.2430032858174369E-002
   4.9669669669669672       -3.2170211032692235E-002
   4.9729729729729728       -3.1912477137837174E-002
   4.9789789789789793       -3.1656815085381741E-002
   4.9849849849849850       -3.1403208895967434E-002
   4.9909909909909906       -3.1151642698580652E-002
   4.9969969969969972       -3.0902100730030396E-002
   5.0030030030030028       -3.0654567334427063E-002
   5.0090090090090094       -3.0409026962662088E-002
   5.0150150150150150       -3.0165464171889540E-002
   5.0210210210210207       -2.9923863625007496E-002
   5.0270270270270272       -2.9684210090141751E-002
   5.0330330330330328       -2.9446488440129301E-002
   5.0390390390390394       -2.9210683652003581E-002
   5.0450450450450450       -2.8976780806479890E-002
   5.0510510510510507       -2.8744765087441941E-002
   5.0570570570570572       -2.8514621781429040E-002
   5.0630630630630629       -2.8286336277124308E-002
   5.0690690690690694       -2.8059894064842546E-002
   5.0750750750750750       -2.7835280736020540E-002
   5.0810810810810807       -2.7612481982705977E-002
   5.0870870870870872       -2.7391483597048450E-002
   5.0930930930930929       -2.7172271470790405E-002
   5.0990990990990994       -2.6954831594758710E-002
   5.1051051051051051       -2.6739150058356823E-002
   5.1111111111111107       -2.6525213049057493E-002
   5.1171171171171173       -2.6313006851895932E-002
   5.1231231231231229       -2.6102517848963797E-002
   5.1291291291291294       -2.5893732518902902E-002
   5.1351351351351351       -2.5686637436400556E-002
   5.1411411411411407       -2.5481219271684331E-002
   5.1471471471471473       -2.5277464790018002E-002
   5.1531531531531529       -2.5075360851197822E-002
   5.1591591591591595       -2.4874894409049150E-002
   5.1651651651651651       -2.4676052510923689E-002
   5.1711711711711708       -2.4478822297197278E-002
   5.1771771771771773       -2.4283191000768183E-002
   5.1831831831831829       -2.4089145946555951E-002
   5.1891891891891895       -2.3896674551000641E-002
   5.1951951951951951       -2.3705764321562628E-002
   5.2012012012012008       -2.3516402856223338E-002
   5.2072072072072073       -2.3328577842985861E-002
   5.2132132132132130       -2.3142277059377093E-002
   5.2192192192192195       -2.2957488371949383E-002
   5.2252252252252251       -2.2774199735783630E-002
   5.2312312312312308       -2.2592399193992734E-002
   5.2372372372372373       -2.2412074877225633E-002
   5.2432432432432430       -2.2233215003172199E-002
   5.2492492492492495       -2.2055807876068485E-002
   5.2552552552552552       -2.1879841886202990E-002
   5.2612612612612608       -2.1705305509423619E-002
   5.2672672672672673       -2.1532187306645099E-002
   5.2732732732732730       -2.1360475923357686E-002
   5.2792792792792795       -2.1190160089136083E-002
   5.2852852852852852       -2.1021228617149428E-002
   5.2912912912912908       -2.0853670403672295E-002
   5.2972972972972974       -2.0687474427596129E-002
   5.3033033033033030       -2.0522629749942060E-002
   5.3093093093093096       -2.0359125513374023E-002
   5.3153153153153152       -2.0196950941713240E-002
   5.3213213213213209       -2.0036095339453632E-002
   5.3273273273273274       -1.9876548091277778E-002
   5.3333333333333330       -1.9718298661574457E-002
   5.3393393393393396       -1.9561336593956702E-002
   5.3453453453453452       -1.9405651510781007E-002
   5.3513513513513509       -1.9251233112667899E-002
   5.3573573573573574       -1.9098071178022973E-002
   5.3633633633633631       -1.8946155562559866E-002
   5.3693693693693696       -1.8795476198823449E-002
   5.3753753753753752       -1.8646023095714677E-002
   5.3813813813813809       -1.8497786338016742E-002
   5.3873873873873874       -1.8350756085921967E-002
   5.3933933933933931       -1.8204922574560224E-002
   5.3993993993993996       -1.8060276113528541E-002
   5.4054054054054053       -1.7916807086421765E-002
   5.4114114114114118       -1.7774505950364800E-002
   5.4174174174174174       -1.7633363235546071E-002
   5.4234234234234231       -1.7493369544752019E-002
   5.4294294294294296       -1.7354515552903335E-002
   5.4354354354354353       -1.7216792006592357E-002
   5.4414414414414418       -1.7080189723621811E-002
   5.4474474474474475       -1.6944699592545173E-002
   5.4534534534534531       -1.6810312572208125E-002
   5.4594594594594597       -1.6677019691291733E-002
   5.4654654654654653       -1.6544812047856981E-002
   5.4714714714714718       -1.6413680808890805E-002
   5.4774774774774775       -1.6283617209853680E-002
   5.4834834834834831       -1.6154612554228530E-002
   5.4894894894894897       -1.6026658213071424E-002
   5.4954954954954953       -1.5899745624563710E-002
   5.5015015015015019       -1.5773866293565704E-002
   5.5075075075075075       -1.5649011791172097E-002
   5.5135135135135132       -1.5525173754268798E-002
   5.5195195195195197       -1.5402343885091428E-002
   5.5255255255255253       -1.5280513950785696E-002
   5.5315315315315319       -1.5159675782969022E-002
   5.5375375375375375       -1.5039821277294353E-002
   5.5435435435435432       -1.4920942393015104E-002
   5.5495495495495497       -1.4803031152552229E-002
   5.5555555555555554       -1.4686079641062720E-002
   5.5615615615615619       -1.4570080006010202E-002
   5.5675675675675675       -1.4455024456736916E-002
   5.5735735735735732       -1.4340905264037534E-002
   5.5795795795795797       -1.4227714759734980E-002
   5.5855855855855854       -1.4115445336257700E-002
   5.5915915915915919       -1.4004089446218967E-002
   5.5975975975975976       -1.3893639601998058E-002
   5.6036036036036032       -1.3784088375322873E-002
   5.6096096096096097       -1.3675428396854839E-002
   5.6156156156156154       -1.3567652355775346E-002
   5.6216216216216219       -1.3460752999374175E-002
   5.6276276276276276       -1.3354723132639894E-002
   5.6336336336336332       -1.3249555617851785E-002
   5.6396396396396398       -1.3145243374173983E-002
   5.6456456456456454       -1.3041779377251438E-002
   5.6516516516516520       -1.2939156658807585E-002
   5.6576576576576576       -1.2837368306244330E-002
   5.6636636636636633       -1.2736407462243467E-002
   5.6696696696696698       -1.2636267324370315E-002
   5.6756756756756754       -1.2536941144679330E-002
   5.6816816816816820       -1.2438422229321360E-002
   5.6876876876876876       -1.2340703938153395E-002
   5.6936936936936933       -1.2243779684349521E-002
   5.6996996996996998       -1.2147642934014423E-002
   5.7057057057057055       -1.2052287205798746E-002
   5.7117117117117120       -1.1957706070516170E-002
   5.7177177177177176       -1.1863893150762821E-002
   5.7237237237237233       -1.1770842120538303E-002
   5.7297297297297298       -1.1678546704869071E-002
   5.7357357357357355       -1.1587000679433431E-002
   5.7417417417417420       -1.1496197870188794E-002
   5.7477477477477477       -1.1406132153001016E-002
   5.7537537537537533       -1.1316797453275252E-002
   5.7597597597597598       -1.1228187745589431E-002
   5.7657657657657655       -1.1140297053329206E-002
   5.7717717717717720       -1.1053119448325315E-002
   5.7777777777777777       -1.0966649050492761E-002
   5.7837837837837833       -1.0880880027471873E-002
   5.7897897897897899       -1.0795806594271727E-002
   5.7957957957957955       -1.0711423012915302E-002
   5.8018018018018020       -1.0627723592086628E-002
   5.8078078078078077       -1.0544702686780361E-002
   5.8138138138138133       -1.0462354697952711E-002
   5.8198198198198199       -1.0380674072175007E-002
   5.8258258258258255       -1.0299655301288882E-002
   5.8318318318318321       -1.0219292922063639E-002
   5.8378378378378377       -1.0139581515855723E-002
   5.8438438438438434       -1.0060515708269911E-002
   5.8498498498498499       -9.9820901688228471E-003
   5.8558558558558556       -9.9042996106082377E-003
   5.8618618618618621       -9.8271387899644975E-003
   5.8678678678678677       -9.7506025061441341E-003
   5.8738738738738734       -9.6746856009849464E-003
   5.8798798798798799       -9.5993829585837211E-003
   5.8858858858858856       -9.5246895049715032E-003
   5.8918918918918921       -9.4506002077910985E-003
   5.8978978978978978       -9.3771100759765351E-003
   5.9039039039039043       -9.3042141594343979E-003
   5.9099099099099099       -9.2319075487273580E-003
   5.9159159159159156       -9.1601853747594331E-003
   5.9219219219219221       -9.0890428084635395E-003
   5.9279279279279278       -9.0184750604908204E-003
   5.9339339339339343       -8.9484773809019348E-003
   5.9399399399399400       -8.8790450588604047E-003
   5.9459459459459456       -8.8101734223279791E-003
   5.9519519519519521       -8.7418578377617684E-003
   5.9579579579579578       -8.6740937098136704E-003
   5.9639639639639643       -8.6068764810312854E-003
   5.9699699699699700       -8.5402016315612068E-003
   5.9759759759759756       -8.4740646788540753E-003
   5.9819819819819822       -8.4084611773714950E-003
   5.9879879879879878       -8.3433867182951642E-003
   5.9939939939939944       -8.2788369292375735E-003
   6.0000000000000000       -8.2148074739548538E-003
