 X =   0.50000000000000000      Y =   0.50000000000000000      Npts =        1000
   0.0000000000000000      -0.20920058696600990     
   6.0060060060060060E-003 -0.40679158492691897     
   1.2012012012012012E-002 -0.60012447304577210     
   1.8018018018018018E-002 -0.78927549006750519     
   2.4024024024024024E-002 -0.97431955542202897     
   3.0030030030030030E-002  -1.1553302920522830     
   3.6036036036036036E-002  -1.3323800488386577     
   4.2042042042042038E-002  -1.5055399226272033     
   4.8048048048048048E-002  -1.6748797798687016     
   5.4054054054054057E-002  -1.8404682778755412     
   6.0060060060060060E-002  -2.0023728857034637     
   6.6066066066066062E-002  -2.1606599046646764     
   7.2072072072072071E-002  -2.3153944884791877     
   7.8078078078078081E-002  -2.4666406630707018     
   8.4084084084084076E-002  -2.6144613460135666     
   9.0090090090090086E-002  -2.7589183656369789     
   9.6096096096096095E-002  -2.9000724797925908     
  0.10210210210210210       -3.0379833942916297     
  0.10810810810810811       -3.1727097810173164     
  0.11411411411411411       -3.3043092957185984     
  0.12012012012012012       -3.4328385954906673     
  0.12612612612612611       -3.5583533559480980     
  0.13213213213213212       -3.6809082880959134     
  0.13813813813813813       -3.8005571549041166     
  0.14414414414414414       -3.9173527875909366     
  0.15015015015015015       -4.0313471016199376     
  0.15615615615615616       -4.1425911124162207     
  0.16216216216216217       -4.2511349508066214     
  0.16816816816816815       -4.3570278781888794     
  0.17417417417417416       -4.4603183014346079     
  0.18018018018018017       -4.5610537875307822     
  0.18618618618618618       -4.6592810779644340     
  0.19219219219219219       -4.7550461028551210     
  0.19819819819819820       -4.8483939948396158     
  0.20420420420420421       -4.9393691027132931     
  0.21021021021021022       -5.0280150048324641     
  0.21621621621621623       -5.1143745222819721     
  0.22222222222222221       -5.1984897318121730     
  0.22822822822822822       -5.2804019785493983     
  0.23423423423423423       -5.3601518884839621     
  0.24024024024024024       -5.4377793807395838     
  0.24624624624624625       -5.5133236796281730     
  0.25225225225225223       -5.5868233264937377     
  0.25825825825825827       -5.6583161913491571     
  0.26426426426426425       -5.7278394843094746     
  0.27027027027027029       -5.7954297668253680     
  0.27627627627627627       -5.8611229627202341     
  0.28228228228228230       -5.9249543690344515     
  0.28828828828828829       -5.9869586666801613     
  0.29429429429429427       -6.0471699309099591     
  0.30030030030030030       -6.1056216416027471     
  0.30630630630630629       -6.1623466933700044     
  0.31231231231231232       -6.2173774054856210     
  0.31831831831831831       -6.2707455316423966     
  0.32432432432432434       -6.3224822695383081     
  0.33033033033033032       -6.3726182702954723     
  0.33633633633633631       -6.4211836477148330     
  0.34234234234234234       -6.4682079873693628     
  0.34834834834834832       -6.5137203555387471     
  0.35435435435435436       -6.5577493079882023     
  0.36036036036036034       -6.6003228985942961     
  0.36636636636636638       -6.6414686878203444     
  0.37237237237237236       -6.6812137510441412     
  0.37837837837837840       -6.7195846867405011     
  0.38438438438438438       -6.7566076245212781     
  0.39039039039039036       -6.7923082330352562     
  0.39639639639639640       -6.8267117277304523     
  0.40240240240240238       -6.8598428784812162     
  0.40840840840840842       -6.8917260170824788     
  0.41441441441441440       -6.9223850446135282     
  0.42042042042042044       -6.9518434386735528     
  0.42642642642642642       -6.9801242604912321     
  0.43243243243243246       -7.0072501619105800     
  0.43843843843843844       -7.0332433922551836     
  0.44444444444444442       -7.0581258050730300     
  0.45045045045045046       -7.0819188647639262     
  0.45645645645645644       -7.1046436530916717     
  0.46246246246246248       -7.1263208755829250     
  0.46846846846846846       -7.1469708678147787     
  0.47447447447447449       -7.1666136015930180     
  0.48048048048048048       -7.1852686910229506     
  0.48648648648648646       -7.2029553984746952     
  0.49249249249249250       -7.2196926404448121     
  0.49849849849849848       -7.2354989933160372     
  0.50450450450450446       -7.2503926990169942     
  0.51051051051051055       -7.2643916705835521     
  0.51651651651651653       -7.2775134976236249     
  0.52252252252252251       -7.2897754516870847     
  0.52852852852852850       -7.3011944915424598     
  0.53453453453453448       -7.3117872683620622     
  0.54054054054054057       -7.3215701308171690     
  0.54654654654654655       -7.3305591300848283     
  0.55255255255255253       -7.3387700247678564     
  0.55855855855855852       -7.3462182857295870     
  0.56456456456456461       -7.3529191008448400     
  0.57057057057057059       -7.3588873796686221     
  0.57657657657657657       -7.3641377580240075     
  0.58258258258258255       -7.3686846025106654     
  0.58858858858858853       -7.3725420149353926     
  0.59459459459459463       -7.3757238366661033     
  0.60060060060060061       -7.3782436529105970     
  0.60660660660660659       -7.3801147969214727     
  0.61261261261261257       -7.3813503541285286     
  0.61861861861861867       -7.3819631661999177     
  0.62462462462462465       -7.3819658350333732     
  0.63063063063063063       -7.3813707266787576     
  0.63663663663663661       -7.3801899751931721     
  0.64264264264264259       -7.3784354864298693     
  0.64864864864864868       -7.3761189417621758     
  0.65465465465465467       -7.3732518017435869     
  0.66066066066066065       -7.3698453097052443     
  0.66666666666666663       -7.3659104952919296     
  0.67267267267267261       -7.3614581779377097     
  0.67867867867867870       -7.3564989702823649     
  0.68468468468468469       -7.3510432815297033     
  0.69069069069069067       -7.3451013207488538     
  0.69669669669669665       -7.3386831001195922     
  0.70270270270270274       -7.3317984381228056     
  0.70870870870870872       -7.3244569626770870     
  0.71471471471471471       -7.3166681142225363     
  0.72072072072072069       -7.3084411487527543     
  0.72672672672672667       -7.2997851407960601     
  0.73273273273273276       -7.2907089863469050     
  0.73873873873873874       -7.2812214057484734     
  0.74474474474474472       -7.2713309465274394     
  0.75075075075075071       -7.2610459861818200     
  0.75675675675675680       -7.2503747349228886     
  0.76276276276276278       -7.2393252383720776     
  0.76876876876876876       -7.2279053802137794     
  0.77477477477477474       -7.2161228848049728     
  0.78078078078078073       -7.2039853197425732     
  0.78678678678678682       -7.1915000983893966     
  0.79279279279279280       -7.1786744823596242     
  0.79879879879879878       -7.1655155839646323     
  0.80480480480480476       -7.1520303686200695     
  0.81081081081081086       -7.1382256572150160     
  0.81681681681681684       -7.1241081284440941     
  0.82282282282282282       -7.1096843211033587     
  0.82882882882882880       -7.0949606363507938     
  0.83483483483483478       -7.0799433399322629     
  0.84084084084084088       -7.0646385643737029     
  0.84684684684684686       -7.0490523111404020     
  0.85285285285285284       -7.0331904527641287     
  0.85885885885885882       -7.0170587349389573     
  0.86486486486486491       -7.0006627785865296     
  0.87087087087087089       -6.9840080818915897     
  0.87687687687687688       -6.9671000223085251     
  0.88288288288288286       -6.9499438585397240     
  0.88888888888888884       -6.9325447324864919     
  0.89489489489489493       -6.9149076711733164     
  0.90090090090090091       -6.8970375886462136     
  0.90690690690690690       -6.8789392878459177     
  0.91291291291291288       -6.8606174624566805     
  0.91891891891891886       -6.8420766987313932     
  0.92492492492492495       -6.8233214772938000     
  0.93093093093093093       -6.8043561749185164     
  0.93693693693693691       -6.7851850662895901     
  0.94294294294294290       -6.7658123257383433     
  0.94894894894894899       -6.7462420289611966     
  0.95495495495495497       -6.7264781547182002     
  0.96096096096096095       -6.7065245865130105     
  0.96696696696696693       -6.6863851142549668     
  0.97297297297297292       -6.6660634359040394     
  0.97897897897897901       -6.6455631590992885     
  0.98498498498498499       -6.6248878027715810     
  0.99099099099099097       -6.6040407987412229     
  0.99699699699699695       -6.5830254933012089     
   1.0030030030030030       -6.5618451487867713     
   1.0090090090090089       -6.5405029451319106     
   1.0150150150150150       -6.5190019814135676     
   1.0210210210210211       -6.4973452773841176     
   1.0270270270270270       -6.4755357749928484     
   1.0330330330330331       -6.4535763398970678     
   1.0390390390390389       -6.4314697629635056     
   1.0450450450450450       -6.4092187617606475     
   1.0510510510510511       -6.3868259820426436     
   1.0570570570570570       -6.3642939992254144     
   1.0630630630630631       -6.3416253198555914     
   1.0690690690690690       -6.3188223830728827     
   1.0750750750750750       -6.2958875620665182     
   1.0810810810810811       -6.2728231655263178     
   1.0870870870870870       -6.2496314390890211     
   1.0930930930930931       -6.2263145667804149     
   1.0990990990990992       -6.2028746724538708     
   1.1051051051051051       -6.1793138212258221     
   1.1111111111111112       -6.1556340209087255     
   1.1171171171171170       -6.1318372234420719     
   1.1231231231231231       -6.1079253263219302     
   1.1291291291291292       -6.0839001740295551     
   1.1351351351351351       -6.0597635594595385     
   1.1411411411411412       -6.0355172253479905     
   1.1471471471471471       -6.0111628657012055     
   1.1531531531531531       -5.9867021272252501     
   1.1591591591591592       -5.9621366107569056     
   1.1651651651651651       -5.9374678726963577     
   1.1711711711711712       -5.9126974264420360     
   1.1771771771771771       -5.8878267438279464     
   1.1831831831831832       -5.8628572565638351     
   1.1891891891891893       -5.8377903576785224     
   1.1951951951951951       -5.8126274029666662     
   1.2012012012012012       -5.7873697124392356     
   1.2072072072072071       -5.7620185717779346     
   1.2132132132132132       -5.7365752337937659     
   1.2192192192192193       -5.7110409198899346     
   1.2252252252252251       -5.6854168215292020     
   1.2312312312312312       -5.6597041017058531     
   1.2372372372372373       -5.6339038964223045     
   1.2432432432432432       -5.6080173161704323     
   1.2492492492492493       -5.5820454474176104     
   1.2552552552552552       -5.5559893540974175     
   1.2612612612612613       -5.5298500791049587     
   1.2672672672672673       -5.5036286457967041     
   1.2732732732732732       -5.4773260594946231     
   1.2792792792792793       -5.4509433089944910     
   1.2852852852852852       -5.4244813680780828     
   1.2912912912912913       -5.3979411970289570     
   1.2972972972972974       -5.3713237441515318     
   1.3033033033033032       -5.3446299472930061     
   1.3093093093093093       -5.3178607353677325     
   1.3153153153153152       -5.2910170298835455     
   1.3213213213213213       -5.2640997464694745     
   1.3273273273273274       -5.2371097964042823     
   1.3333333333333333       -5.2100480881451414     
   1.3393393393393394       -5.1829155288557809     
   1.3453453453453452       -5.1557130259332959     
   1.3513513513513513       -5.1284414885328333     
   1.3573573573573574       -5.1011018290892665     
   1.3633633633633633       -5.0736949648349041     
   1.3693693693693694       -5.0462218193122608     
   1.3753753753753755       -5.0186833238808193     
   1.3813813813813813       -4.9910804192166820     
   1.3873873873873874       -4.9634140568039120     
   1.3933933933933933       -4.9356852004163683     
   1.3993993993993994       -4.9078948275887138     
   1.4054054054054055       -4.8800439310752477     
   1.4114114114114114       -4.8521335202951876     
   1.4174174174174174       -4.8241646227628747     
   1.4234234234234233       -4.7961382855014474     
   1.4294294294294294       -4.7680555764383694     
   1.4354354354354355       -4.7399175857811908     
   1.4414414414414414       -4.7117254273718752     
   1.4474474474474475       -4.6834802400179454     
   1.4534534534534533       -4.6551831887987021     
   1.4594594594594594       -4.6268354663446543     
   1.4654654654654655       -4.5984382940883508     
   1.4714714714714714       -4.5699929234846683     
   1.4774774774774775       -4.5415006371986415     
   1.4834834834834836       -4.5129627502588683     
   1.4894894894894894       -4.4843806111744851     
   1.4954954954954955       -4.4557556030136976     
   1.5015015015015014       -4.4270891444418288     
   1.5075075075075075       -4.3983826907168071     
   1.5135135135135136       -4.3696377346400634     
   1.5195195195195195       -4.3408558074607297     
   1.5255255255255256       -4.3120384797310765     
   1.5315315315315314       -4.2831873621111329     
   1.5375375375375375       -4.2543041061204097     
   1.5435435435435436       -4.2253904048346973     
   1.5495495495495495       -4.1964479935259220     
   1.5555555555555556       -4.1674786502430488     
   1.5615615615615615       -4.1384841963321142     
   1.5675675675675675       -4.1094664968934387     
   1.5735735735735736       -4.0804274611741853     
   1.5795795795795795       -4.0513690428944429     
   1.5855855855855856       -4.0222932405051033     
   1.5915915915915915       -3.9932020973758386     
   1.5975975975975976       -3.9640977019116210     
   1.6036036036036037       -3.9349821875962419     
   1.6096096096096095       -3.9058577329614343     
   1.6156156156156156       -3.8767265614802637     
   1.6216216216216217       -3.8475909413836105     
   1.6276276276276276       -3.8184531853986026     
   1.6336336336336337       -3.7893156504080605     
   1.6396396396396395       -3.7601807370300877     
   1.6456456456456456       -3.7310508891170930     
   1.6516516516516517       -3.7019285931736823     
   1.6576576576576576       -3.6728163776929823     
   1.6636636636636637       -3.6437168124111317     
   1.6696696696696696       -3.6146325074798020     
   1.6756756756756757       -3.5855661125568221     
   1.6816816816816818       -3.5565203158151193     
   1.6876876876876876       -3.5274978428703259     
   1.6936936936936937       -3.4985014556276686     
   1.6996996996996996       -3.4695339510488430     
   1.7057057057057057       -3.4405981598397983     
   1.7117117117117118       -3.4116969450605814     
   1.7177177177177176       -3.3828332006584758     
   1.7237237237237237       -3.3540098499259572     
   1.7297297297297298       -3.3252298438851229     
   1.7357357357357357       -3.2964961596004501     
   1.7417417417417418       -3.2678117984219064     
   1.7477477477477477       -3.2391797841606977     
   1.7537537537537538       -3.2106031611999710     
   1.7597597597597598       -3.1820849925431491     
   1.7657657657657657       -3.1536283578026021     
   1.7717717717717718       -3.1252363511316101     
   1.7777777777777777       -3.0969120791027338     
   1.7837837837837838       -3.0686586585358206     
   1.7897897897897899       -3.0404792142790851     
   1.7957957957957957       -3.0123768769468149     
   1.8018018018018018       -2.9843547806174029     
   1.8078078078078077       -2.9564160604955547     
   1.8138138138138138       -2.9285638505425737     
   1.8198198198198199       -2.9008012810788353     
   1.8258258258258258       -2.8731314763625964     
   1.8318318318318318       -2.8455575521493683     
   1.8378378378378377       -2.8180826132362338     
   1.8438438438438438       -2.7907097509954597     
   1.8498498498498499       -2.7634420409018885     
   1.8558558558558558       -2.7362825400585877     
   1.8618618618618619       -2.7092342847253010     
   1.8678678678678680       -2.6823002878542370     
   1.8738738738738738       -2.6554835366377265     
   1.8798798798798799       -2.6287869900723244     
   1.8858858858858858       -2.6022135765438343     
   1.8918918918918919       -2.5757661914377552     
   1.8978978978978980       -2.5494476947795786     
   1.9039039039039038       -2.5232609089093065     
   1.9099099099099099       -2.4972086161944667     
   1.9159159159159158       -2.4712935567858576     
   1.9219219219219219       -2.4455184264200964     
   1.9279279279279280       -2.4198858742729956     
   1.9339339339339339       -2.3943985008676028     
   1.9399399399399400       -2.3690588560406578     
   1.9459459459459458       -2.3438694369710396     
   1.9519519519519519       -2.3188326862736366     
   1.9579579579579580       -2.2939509901619148     
   1.9639639639639639       -2.2692266766822455     
   1.9699699699699700       -2.2446620140229170     
   1.9759759759759759       -2.2202592089005386     
   1.9819819819819819       -2.1960204050263479     
   1.9879879879879880       -2.1719476816547383     
   1.9939939939939939       -2.1480430522161127     
   2.0000000000000000       -2.1243084630359328     
   2.0060060060060061       -2.1007457921416588     
   2.0120120120120122       -2.0773568481590274     
   2.0180180180180178       -2.0541433692988691     
   2.0240240240240239       -2.0311070224355170     
   2.0300300300300300       -2.0082494022775514     
   2.0360360360360361       -1.9855720306314577     
   2.0420420420420422       -1.9630763557585302     
   2.0480480480480479       -1.9407637518251379     
   2.0540540540540539       -1.9186355184462549     
   2.0600600600600600       -1.8966928803219509     
   2.0660660660660661       -1.8749369869663020     
   2.0720720720720722       -1.8533689125280111     
   2.0780780780780779       -1.8319896557018100     
   2.0840840840840840       -1.8108001397295181     
   2.0900900900900901       -1.7898012124894793     
   2.0960960960960962       -1.7689936466728646     
   2.1021021021021022       -1.7483781400452150     
   2.1081081081081079       -1.7279553157914067     
   2.1141141141141140       -1.7077257229420599     
   2.1201201201201201       -1.6876898368793010     
   2.1261261261261262       -1.6678480599196255     
   2.1321321321321323       -1.6482007219714749     
   2.1381381381381379       -1.6287480812650699     
   2.1441441441441440       -1.6094903251518731     
   2.1501501501501501       -1.5904275709710338     
   2.1561561561561562       -1.5715598669799986     
   2.1621621621621623       -1.5528871933464605     
   2.1681681681681679       -1.5344094631987282     
   2.1741741741741740       -1.5161265237315333     
   2.1801801801801801       -1.4980381573642763     
   2.1861861861861862       -1.4801440829486294     
   2.1921921921921923       -1.4624439570224450     
   2.1981981981981984       -1.4449373751068464     
   2.2042042042042040       -1.4276238730434134     
   2.2102102102102101       -1.4105029283683361     
   2.2162162162162162       -1.3935739617204721     
   2.2222222222222223       -1.3768363382801911     
   2.2282282282282284       -1.3602893692359748     
   2.2342342342342341       -1.3439323132757488     
   2.2402402402402402       -1.3277643780999520     
   2.2462462462462462       -1.3117847219534282     
   2.2522522522522523       -1.2959924551732376     
   2.2582582582582584       -1.2803866417495706     
   2.2642642642642641       -1.2649663008970107     
   2.2702702702702702       -1.2497304086334386     
   2.2762762762762763       -1.2346778993639818     
   2.2822822822822824       -1.2198076674674478     
   2.2882882882882885       -1.2051185688827946     
   2.2942942942942941       -1.1906094226932626     
   2.3003003003003002       -1.1762790127058771     
   2.3063063063063063       -1.1621260890241336     
   2.3123123123123124       -1.1481493696117548     
   2.3183183183183185       -1.1343475418455096     
   2.3243243243243241       -1.1207192640551871     
   2.3303303303303302       -1.1072631670488891     
   2.3363363363363363       -1.0939778556219542     
   2.3423423423423424       -1.0808619100478447     
   2.3483483483483485       -1.0679138875495018     
   2.3543543543543541       -1.0551323237497303     
   2.3603603603603602       -1.0425157340992639     
   2.3663663663663663       -1.0300626152813004     
   2.3723723723723724       -1.0177714465913339     
   2.3783783783783785       -1.0056406912912434     
   2.3843843843843842      -0.99366879793668184     
   2.3903903903903903      -0.98185420167687842     
   2.3963963963963963      -0.97019532552609333     
   2.4024024024024024      -0.95869058160599196     
   2.4084084084084085      -0.94733837235836205     
   2.4144144144144142      -0.93613709172759774     
   2.4204204204204203      -0.92508512631252371     
   2.4264264264264264      -0.91418085648716474     
   2.4324324324324325      -0.90342265749014439     
   2.4384384384384385      -0.89280890048248707     
   2.4444444444444446      -0.88233795357363631     
   2.4504504504504503      -0.87200818281559778     
   2.4564564564564564      -0.86181795316513099     
   2.4624624624624625      -0.85176562941404110     
   2.4684684684684686      -0.84184957708759911     
   2.4744744744744747      -0.83206816331122857     
   2.4804804804804803      -0.82241975764562691     
   2.4864864864864864      -0.81290273289052839     
   2.4924924924924925      -0.80351546585737910     
   2.4984984984984986      -0.79425633811120866     
   2.5045045045045047      -0.78512373668205071     
   2.5105105105105103      -0.77611605474628131     
   2.5165165165165164      -0.76723169227827714     
   2.5225225225225225      -0.75846905667283770     
   2.5285285285285286      -0.74982656333883102     
   2.5345345345345347      -0.74130263626455417     
   2.5405405405405403      -0.73289570855532360     
   2.5465465465465464      -0.72460422294382132     
   2.5525525525525525      -0.71642663227376335     
   2.5585585585585586      -0.70836139995744030     
   2.5645645645645647      -0.70040700040772341     
   2.5705705705705704      -0.69256191944513179     
   2.5765765765765765      -0.68482465468055476     
   2.5825825825825826      -0.67719371587425758     
   2.5885885885885886      -0.66966762527177681     
   2.5945945945945947      -0.66224491791733953     
   2.6006006006006004      -0.65492414194543125     
   2.6066066066066065      -0.64770385885114257     
   2.6126126126126126      -0.64058264373993457     
   2.6186186186186187      -0.63355908555744334     
   2.6246246246246248      -0.62663178729996138     
   2.6306306306306304      -0.61979936620622123     
   2.6366366366366365      -0.61306045393110065     
   2.6426426426426426      -0.60641369670187606     
   2.6486486486486487      -0.59985775545762976     
   2.6546546546546548      -0.59339130597241796     
   2.6606606606606604      -0.58701303896280432     
   2.6666666666666665      -0.58072166018033955     
   2.6726726726726726      -0.57451589048958240     
   2.6786786786786787      -0.56839446593222298     
   2.6846846846846848      -0.56235613777787752     
   2.6906906906906904      -0.55639967256210632     
   2.6966966966966965      -0.55052385211219912     
   2.7027027027027026      -0.54472747356125439     
   2.7087087087087087      -0.53900934935107703     
   2.7147147147147148      -0.53336830722440076     
   2.7207207207207209      -0.52780319020693023     
   2.7267267267267266      -0.52231285657969218     
   2.7327327327327327      -0.51689617984215885     
   2.7387387387387387      -0.51155204866661674     
   2.7447447447447448      -0.50627936684421526     
   2.7507507507507509      -0.50107705322313856     
   2.7567567567567566      -0.49594404163931927     
   2.7627627627627627      -0.49087928084010629     
   2.7687687687687688      -0.48588173440128846     
   2.7747747747747749      -0.48095038063784767     
   2.7807807807807809      -0.47608421250883043     
   2.7867867867867866      -0.47128223751668769     
   2.7927927927927927      -0.46654347760143611     
   2.7987987987987988      -0.46186696902998020     
   2.8048048048048049      -0.45725176228091485     
   2.8108108108108110      -0.45269692192513267     
   2.8168168168168166      -0.44820152650252582     
   2.8228228228228227      -0.44376466839508266     
   2.8288288288288288      -0.43938545369666265     
   2.8348348348348349      -0.43506300207970500     
   2.8408408408408410      -0.43079644665914840     
   2.8468468468468466      -0.42658493385379392     
   2.8528528528528527      -0.42242762324536420     
   2.8588588588588588      -0.41832368743547571     
   2.8648648648648649      -0.41427231190075253     
   2.8708708708708710      -0.41027269484628470     
   2.8768768768768767      -0.40632404705763481     
   2.8828828828828827      -0.40242559175158610     
   2.8888888888888888      -0.39857656442581008     
   2.8948948948948949      -0.39477621270763436     
   2.9009009009009010      -0.39102379620207012     
   2.9069069069069067      -0.38731858633926369     
   2.9129129129129128      -0.38365986622151993     
   2.9189189189189189      -0.38004693047004134     
   2.9249249249249250      -0.37647908507151706     
   2.9309309309309310      -0.37295564722469443     
   2.9369369369369367      -0.36947594518705107     
   2.9429429429429428      -0.36603931812168594     
   2.9489489489489489      -0.36264511594453841     
   2.9549549549549550      -0.35929269917203727     
   2.9609609609609611      -0.35598143876927657     
   2.9669669669669672      -0.35271071599881409     
   2.9729729729729728      -0.34947992227017266     
   2.9789789789789789      -0.34628845899012922     
   2.9849849849849850      -0.34313573741386816     
   2.9909909909909911      -0.34002117849706576     
   2.9969969969969972      -0.33694421274897612     
   3.0030030030030028      -0.33390428008658041     
   3.0090090090090089      -0.33090082968985152     
   3.0150150150150150      -0.32793331985819918     
   3.0210210210210211      -0.32500121786812736     
   3.0270270270270272      -0.32210399983217275     
   3.0330330330330328      -0.31924115055914171     
   3.0390390390390389      -0.31641216341570355     
   3.0450450450450450      -0.31361654018936874     
   3.0510510510510511      -0.31085379095287968     
   3.0570570570570572      -0.30812343393005132     
   3.0630630630630629      -0.30542499536308226     
   3.0690690690690690      -0.30275800938136316     
   3.0750750750750750      -0.30012201787180054     
   3.0810810810810811      -0.29751657035067819     
   3.0870870870870872      -0.29494122383706900     
   3.0930930930930929      -0.29239554272781088     
   3.0990990990990990      -0.28987909867406386     
   3.1051051051051051      -0.28739147045945052     
   3.1111111111111112      -0.28493224387979288     
   3.1171171171171173      -0.28250101162445079     
   3.1231231231231229      -0.28009737315926397     
   3.1291291291291290      -0.27772093461110181     
   3.1351351351351351      -0.27537130865402426     
   3.1411411411411412      -0.27304811439705035     
   3.1471471471471473      -0.27075097727353115     
   3.1531531531531529      -0.26847952893213056     
   3.1591591591591590      -0.26623340712940291     
   3.1651651651651651      -0.26401225562396713     
   3.1711711711711712      -0.26181572407226672     
   3.1771771771771773      -0.25964346792591297     
   3.1831831831831829      -0.25749514833059850     
   3.1891891891891890      -0.25537043202657306     
   3.1951951951951951      -0.25326899125067714     
   3.2012012012012012      -0.25119050363991230     
   3.2072072072072073      -0.24913465213654459     
   3.2132132132132134      -0.24710112489472894     
   3.2192192192192191      -0.24508961518863687     
   3.2252252252252251      -0.24309982132207569     
   3.2312312312312312      -0.24113144653959298     
   3.2372372372372373      -0.23918419893903703     
   3.2432432432432434      -0.23725779138557548     
   3.2492492492492491      -0.23535194142714300     
   3.2552552552552552      -0.23346637121131222     
   3.2612612612612613      -0.23160080740356637     
   3.2672672672672673      -0.22975498110696091     
   3.2732732732732734      -0.22792862778315640     
   3.2792792792792791      -0.22612148717480582     
   3.2852852852852852      -0.22433330322928066     
   3.2912912912912913      -0.22256382402371883     
   3.2972972972972974      -0.22081280169137651     
   3.3033033033033035      -0.21907999234926723     
   3.3093093093093091      -0.21736515602707168     
   3.3153153153153152      -0.21566805659730010     
   3.3213213213213213      -0.21398846170668917     
   3.3273273273273274      -0.21232614270881853     
   3.3333333333333335      -0.21068087459792789     
   3.3393393393393391      -0.20905243594391587     
   3.3453453453453452      -0.20744060882850587     
   3.3513513513513513      -0.20584517878256078     
   3.3573573573573574      -0.20426593472452909     
   3.3633633633633635      -0.20270266890000244     
   3.3693693693693691      -0.20115517682237480     
   3.3753753753753752      -0.19962325721457583     
   3.3813813813813813      -0.19810671195187196     
   3.3873873873873874      -0.19660534600570984     
   3.3933933933933935      -0.19511896738858989     
   3.3993993993993992      -0.19364738709995316     
   3.4054054054054053      -0.19219041907306164     
   3.4114114114114114      -0.19074788012286087     
   3.4174174174174174      -0.18931958989480385     
   3.4234234234234235      -0.18790537081462130     
   3.4294294294294292      -0.18650504803902535     
   3.4354354354354353      -0.18511844940732505     
   3.4414414414414414      -0.18374540539394565     
   3.4474474474474475      -0.18238574906182831     
   3.4534534534534536      -0.18103931601669956     
   3.4594594594594597      -0.17970594436219645     
   3.4654654654654653      -0.17838547465582635     
   3.4714714714714714      -0.17707774986575517     
   3.4774774774774775      -0.17578261532840125     
   3.4834834834834836      -0.17449991870682691     
   3.4894894894894897      -0.17322950994990821     
   3.4954954954954953      -0.17197124125227303     
   3.5015015015015014      -0.17072496701499232     
   3.5075075075075075      -0.16949054380700820     
   3.5135135135135136      -0.16826783032729134     
   3.5195195195195197      -0.16705668736770601     
   3.5255255255255253      -0.16585697777658071     
   3.5315315315315314      -0.16466856642295885     
   3.5375375375375375      -0.16349132016152756     
   3.5435435435435436      -0.16232510779820772     
   3.5495495495495497      -0.16116980005638898     
   3.5555555555555554      -0.16002526954380708     
   3.5615615615615615      -0.15889139072004205     
   3.5675675675675675      -0.15776803986463198     
   3.5735735735735736      -0.15665509504578762     
   3.5795795795795797      -0.15555243608969638     
   3.5855855855855854      -0.15445994455040810     
   3.5915915915915915      -0.15337750368028552     
   3.5975975975975976      -0.15230499840101566     
   3.6036036036036037      -0.15124231527516491     
   3.6096096096096097      -0.15018934247827223     
   3.6156156156156154      -0.14914596977146843     
   3.6216216216216215      -0.14811208847460919     
   3.6276276276276276      -0.14708759143991770     
   3.6336336336336337      -0.14607237302611975     
   3.6396396396396398      -0.14506632907306896     
   3.6456456456456454      -0.14406935687684722     
   3.6516516516516515      -0.14308135516533196     
   3.6576576576576576      -0.14210222407422737     
   3.6636636636636637      -0.14113186512353976     
   3.6696696696696698      -0.14017018119449851     
   3.6756756756756754      -0.13921707650690762     
   3.6816816816816815      -0.13827245659692250     
   3.6876876876876876      -0.13733622829524239     
   3.6936936936936937      -0.13640829970571045     
   3.6996996996996998      -0.13548858018431606     
   3.7057057057057055      -0.13457698031858514     
   3.7117117117117115      -0.13367341190735851     
   3.7177177177177176      -0.13277778794094577     
   3.7237237237237237      -0.13189002258164872     
   3.7297297297297298      -0.13101003114464740     
   3.7357357357357359      -0.13013773007924145     
   3.7417417417417416      -0.12927303695043824     
   3.7477477477477477      -0.12841587042088479     
   3.7537537537537538      -0.12756615023313217     
   3.7597597597597598      -0.12672379719222954     
   3.7657657657657659      -0.12588873314863822     
   3.7717717717717716      -0.12506088098146265     
   3.7777777777777777      -0.12424016458198923     
   3.7837837837837838      -0.12342650883752915     
   3.7897897897897899      -0.12261983961555650     
   3.7957957957957960      -0.12182008374813999     
   3.8018018018018016      -0.12102716901665848     
   3.8078078078078077      -0.12024102413679540     
   3.8138138138138138      -0.11946157874381058     
   3.8198198198198199      -0.11868876337807743     
   3.8258258258258260      -0.11792250947088648     
   3.8318318318318316      -0.11716274933050537     
   3.8378378378378377      -0.11640941612849268     
   3.8438438438438438      -0.11566244388626168     
   3.8498498498498499      -0.11492176746188400     
   3.8558558558558560      -0.11418732253713604     
   3.8618618618618616      -0.11345904560477538     
   3.8678678678678677      -0.11273687395604989     
   3.8738738738738738      -0.11202074566842936     
   3.8798798798798799      -0.11131059959355818     
   3.8858858858858860      -0.11060637534542445     
   3.8918918918918917      -0.10990801328874106     
   3.8978978978978978      -0.10921545452753272     
   3.9039039039039038      -0.10852864089392911     
   3.9099099099099099      -0.10784751493715578     
   3.9159159159159160      -0.10717201991272100     
   3.9219219219219217      -0.10650209977179506     
   3.9279279279279278      -0.10583769915077731     
   3.9339339339339339      -0.10517876336104738     
   3.9399399399399400      -0.10452523837889720     
   3.9459459459459461      -0.10387707083564124     
   3.9519519519519517      -0.10323420800789827     
   3.9579579579579578      -0.10259659780804709     
   3.9639639639639639      -0.10196418877484538     
   3.9699699699699700      -0.10133693006421512     
   3.9759759759759761      -0.10071477144018820     
   3.9819819819819822      -0.10009766326600804     
   3.9879879879879878       -9.9485556495388261E-002
   3.9939939939939939       -9.8878402663919548E-002
   4.0000000000000000       -9.8276153880628478E-002
   4.0060060060060056       -9.7678762819679882E-002
   4.0120120120120122       -9.7086182712221719E-002
   4.0180180180180178       -9.6498367338372221E-002
   4.0240240240240244       -9.5915271019341275E-002
   4.0300300300300300       -9.5336848609690203E-002
   4.0360360360360357       -9.4763055489720333E-002
   4.0420420420420422       -9.4193847557993038E-002
   4.0480480480480479       -9.3629181223976163E-002
   4.0540540540540544       -9.3069013400815956E-002
   4.0600600600600600       -9.2513301498229603E-002
   4.0660660660660657       -9.1962003415519633E-002
   4.0720720720720722       -9.1415077534704403E-002
   4.0780780780780779       -9.0872482713765218E-002
   4.0840840840840844       -9.0334178280005339E-002
   4.0900900900900901       -8.9800124023521416E-002
   4.0960960960960957       -8.9270280190782092E-002
   4.1021021021021022       -8.8744607478315807E-002
   4.1081081081081079       -8.8223067026500984E-002
   4.1141141141141144       -8.7705620413460667E-002
   4.1201201201201201       -8.7192229649057734E-002
   4.1261261261261257       -8.6682857168988395E-002
   4.1321321321321323       -8.6177465828973579E-002
   4.1381381381381379       -8.5676018899045539E-002
   4.1441441441441444       -8.5178480057927483E-002
   4.1501501501501501       -8.4684813387505373E-002
   4.1561561561561557       -8.4194983367389842E-002
   4.1621621621621623       -8.3708954869565755E-002
   4.1681681681681679       -8.3226693153129208E-002
   4.1741741741741745       -8.2748163859109547E-002
   4.1801801801801801       -8.2273333005374163E-002
   4.1861861861861858       -8.1802166981616256E-002
   4.1921921921921923       -8.1334632544421984E-002
   4.1981981981981980       -8.0870696812417348E-002
   4.2042042042042045       -8.0410327261492456E-002
   4.2102102102102101       -7.9953491720100717E-002
   4.2162162162162158       -7.9500158364634740E-002
   4.2222222222222223       -7.9050295714873389E-002
   4.2282282282282280       -7.8603872629501970E-002
   4.2342342342342345       -7.8160858301703037E-002
   4.2402402402402402       -7.7721222254815786E-002
   4.2462462462462458       -7.7284934338064035E-002
   4.2522522522522523       -7.6851964722350632E-002
   4.2582582582582580       -7.6422283896118590E-002
   4.2642642642642645       -7.5995862661274338E-002
   4.2702702702702702       -7.5572672129176663E-002
   4.2762762762762758       -7.5152683716686375E-002
   4.2822822822822824       -7.4735869142276576E-002
   4.2882882882882880       -7.4322200422204568E-002
   4.2942942942942945       -7.3911649866740162E-002
   4.3003003003003002       -7.3504190076454118E-002
   4.3063063063063058       -7.3099793938561072E-002
   4.3123123123123124       -7.2698434623319944E-002
   4.3183183183183180       -7.2300085580488033E-002
   4.3243243243243246       -7.1904720535828665E-002
   4.3303303303303302       -7.1512313487672952E-002
   4.3363363363363359       -7.1122838703531449E-002
   4.3423423423423424       -7.0736270716758129E-002
   4.3483483483483480       -7.0352584323264356E-002
   4.3543543543543546       -6.9971754578280587E-002
   4.3603603603603602       -6.9593756793168399E-002
   4.3663663663663668       -6.9218566532277939E-002
   4.3723723723723724       -6.8846159609853463E-002
   4.3783783783783781       -6.8476512086983826E-002
   4.3843843843843846       -6.8109600268598122E-002
   4.3903903903903903       -6.7745400700505956E-002
   4.3963963963963968       -6.7383890166480054E-002
   4.4024024024024024       -6.7025045685382895E-002
   4.4084084084084081       -6.6668844508334477E-002
   4.4144144144144146       -6.6315264115921008E-002
   4.4204204204204203       -6.5964282215445244E-002
   4.4264264264264268       -6.5615876738215187E-002
   4.4324324324324325       -6.5270025836873427E-002
   4.4384384384384381       -6.4926707882763363E-002
   4.4444444444444446       -6.4585901463334636E-002
   4.4504504504504503       -6.4247585379584873E-002
   4.4564564564564568       -6.3911738643537899E-002
   4.4624624624624625       -6.3578340475758999E-002
   4.4684684684684681       -6.3247370302903380E-002
   4.4744744744744747       -6.2918807755301884E-002
   4.4804804804804803       -6.2592632664578499E-002
   4.4864864864864868       -6.2268825061303081E-002
   4.4924924924924925       -6.1947365172676357E-002
   4.4984984984984981       -6.1628233420247029E-002
   4.5045045045045047       -6.1311410417661784E-002
   4.5105105105105103       -6.0996876968445524E-002
   4.5165165165165169       -6.0684614063813584E-002
   4.5225225225225225       -6.0374602880513245E-002
   4.5285285285285282       -6.0066824778695675E-002
   4.5345345345345347       -5.9761261299817160E-002
   4.5405405405405403       -5.9457894164569147E-002
   4.5465465465465469       -5.9156705270836649E-002
   4.5525525525525525       -5.8857676691684520E-002
   4.5585585585585582       -5.8560790673371339E-002
   4.5645645645645647       -5.8266029633390261E-002
   4.5705705705705704       -5.7973376158536358E-002
   4.5765765765765769       -5.7682813003000620E-002
   4.5825825825825826       -5.7394323086488529E-002
   4.5885885885885882       -5.7107889492365824E-002
   4.5945945945945947       -5.6823495465826712E-002
   4.6006006006006004       -5.6541124412089187E-002
   4.6066066066066069       -5.6260759894612593E-002
   4.6126126126126126       -5.5982385633339807E-002
   4.6186186186186182       -5.5705985502962595E-002
   4.6246246246246248       -5.5431543531209472E-002
   4.6306306306306304       -5.5159043897157624E-002
   4.6366366366366369       -5.4888470929564975E-002
   4.6426426426426426       -5.4619809105226250E-002
   4.6486486486486482       -5.4353043047349378E-002
   4.6546546546546548       -5.4088157523953247E-002
   4.6606606606606604       -5.3825137446286996E-002
   4.6666666666666670       -5.3563967867269011E-002
   4.6726726726726726       -5.3304633979947218E-002
   4.6786786786786783       -5.3047121115978195E-002
   4.6846846846846848       -5.2791414744126901E-002
   4.6906906906906904       -5.2537500468785310E-002
   4.6966966966966970       -5.2285364028509508E-002
   4.7027027027027026       -5.2034991294577233E-002
   4.7087087087087083       -5.1786368269561879E-002
   4.7147147147147148       -5.1539481085925994E-002
   4.7207207207207205       -5.1294316004632225E-002
   4.7267267267267270       -5.1050859413771674E-002
   4.7327327327327327       -5.0809097827210770E-002
   4.7387387387387383       -5.0569017883253208E-002
   4.7447447447447448       -5.0330606343320740E-002
   4.7507507507507505       -5.0093850090649504E-002
   4.7567567567567570       -4.9858736129002781E-002
   4.7627627627627627       -4.9625251581400312E-002
   4.7687687687687683       -4.9393383688862584E-002
   4.7747747747747749       -4.9163119809172096E-002
   4.7807807807807805       -4.8934447415648667E-002
   4.7867867867867870       -4.8707354095940646E-002
   4.7927927927927927       -4.8481827550830928E-002
   4.7987987987987983       -4.8257855593057848E-002
   4.8048048048048049       -4.8035426146149904E-002
   4.8108108108108105       -4.7814527243275909E-002
   4.8168168168168171       -4.7595147026108078E-002
   4.8228228228228227       -4.7377273743699842E-002
   4.8288288288288284       -4.7160895751376948E-002
   4.8348348348348349       -4.6946001509641885E-002
   4.8408408408408405       -4.6732579583092092E-002
   4.8468468468468471       -4.6520618639351051E-002
   4.8528528528528527       -4.6310107448011978E-002
   4.8588588588588584       -4.6101034879594535E-002
   4.8648648648648649       -4.5893389904514088E-002
   4.8708708708708706       -4.5687161592063451E-002
   4.8768768768768771       -4.5482339109406349E-002
   4.8828828828828827       -4.5278911720583355E-002
   4.8888888888888893       -4.5076868785529543E-002
   4.8948948948948949       -4.4876199759103640E-002
   4.9009009009009006       -4.4676894190128900E-002
   4.9069069069069071       -4.4478941720445170E-002
   4.9129129129129128       -4.4282332083972496E-002
   4.9189189189189193       -4.4087055105785269E-002
   4.9249249249249250       -4.3893100701197584E-002
   4.9309309309309306       -4.3700458874859086E-002
   4.9369369369369371       -4.3509119719861898E-002
   4.9429429429429428       -4.3319073416857160E-002
   4.9489489489489493       -4.3130310233182839E-002
   4.9549549549549550       -4.2942820522000907E-002
   4.9609609609609606       -4.2756594721444573E-002
   4.9669669669669672       -4.2571623353776233E-002
   4.9729729729729728       -4.2387897024554130E-002
   4.9789789789789793       -4.2205406421809075E-002
   4.9849849849849850       -4.2024142315230648E-002
   4.9909909909909906       -4.1844095555363059E-002
   4.9969969969969972       -4.1665257072809193E-002
   5.0030030030030028       -4.1487617877445142E-002
   5.0090090090090094       -4.1311169057642476E-002
   5.0150150150150150       -4.1135901779500279E-002
   5.0210210210210207       -4.0961807286085762E-002
   5.0270270270270272       -4.0788876896682306E-002
   5.0330330330330328       -4.0617102006048240E-002
   5.0390390390390394       -4.0446474083681877E-002
   5.0450450450450450       -4.0276984673096199E-002
   5.0510510510510507       -4.0108625391101084E-002
   5.0570570570570572       -3.9941387927093626E-002
   5.0630630630630629       -3.9775264042356838E-002
   5.0690690690690694       -3.9610245569365592E-002
   5.0750750750750750       -3.9446324411100915E-002
   5.0810810810810807       -3.9283492540371494E-002
   5.0870870870870872       -3.9121741999142839E-002
   5.0930930930930929       -3.8961064897874299E-002
   5.0990990990990994       -3.8801453414862443E-002
   5.1051051051051051       -3.8642899795593148E-002
   5.1111111111111107       -3.8485396352099334E-002
   5.1171171171171173       -3.8328935462327032E-002
   5.1231231231231229       -3.8173509569507519E-002
   5.1291291291291294       -3.8019111181536926E-002
   5.1351351351351351       -3.7865732870362621E-002
   5.1411411411411407       -3.7713367271375649E-002
   5.1471471471471473       -3.7562007082810871E-002
   5.1531531531531529       -3.7411645065152710E-002
   5.1591591591591595       -3.7262274040547938E-002
   5.1651651651651651       -3.7113886892224647E-002
   5.1711711711711708       -3.6966476563917446E-002
   5.1771771771771773       -3.6820036059299045E-002
   5.1831831831831829       -3.6674558441418030E-002
   5.1891891891891895       -3.6530036832142343E-002
   5.1951951951951951       -3.6386464411609358E-002
   5.2012012012012008       -3.6243834417681219E-002
   5.2072072072072073       -3.6102140145406622E-002
   5.2132132132132130       -3.5961374946487892E-002
   5.2192192192192195       -3.5821532228754192E-002
   5.2252252252252251       -3.5682605455639976E-002
   5.2312312312312308       -3.5544588145669187E-002
   5.2372372372372373       -3.5407473871945108E-002
   5.2432432432432430       -3.5271256261645290E-002
   5.2492492492492495       -3.5135928995522266E-002
   5.2552552552552552       -3.5001485807409076E-002
   5.2612612612612608       -3.4867920483730511E-002
   5.2672672672672673       -3.4735226863019150E-002
   5.2732732732732730       -3.4603398835436658E-002
   5.2792792792792795       -3.4472430342300332E-002
   5.2852852852852852       -3.4342315375614135E-002
   5.2912912912912908       -3.4213047977605299E-002
   5.2972972972972974       -3.4084622240264914E-002
   5.3033033033033030       -3.3957032304894615E-002
   5.3093093093093096       -3.3830272361656366E-002
   5.3153153153153152       -3.3704336649128641E-002
   5.3213213213213209       -3.3579219453865994E-002
   5.3273273273273274       -3.3454915109963630E-002
   5.3333333333333330       -3.3331417998626892E-002
   5.3393393393393396       -3.3208722547744353E-002
   5.3453453453453452       -3.3086823231466195E-002
   5.3513513513513509       -3.2965714569786531E-002
   5.3573573573573574       -3.2845391128130057E-002
   5.3633633633633631       -3.2725847516943102E-002
   5.3693693693693696       -3.2607078391288506E-002
   5.3753753753753752       -3.2489078450445651E-002
   5.3813813813813809       -3.2371842437513162E-002
   5.3873873873873874       -3.2255365139017146E-002
   5.3933933933933931       -3.2139641384522299E-002
   5.3993993993993996       -3.2024666046247506E-002
   5.4054054054054053       -3.1910434038685868E-002
   5.4114114114114118       -3.1796940318227288E-002
   5.4174174174174174       -3.1684179882786198E-002
   5.4234234234234231       -3.1572147771432593E-002
   5.4294294294294296       -3.1460839064026538E-002
   5.4354354354354353       -3.1350248880856905E-002
   5.4414414414414418       -3.1240372382283197E-002
   5.4474474474474475       -3.1131204768381902E-002
   5.4534534534534531       -3.1022741278595199E-002
   5.4594594594594597       -3.0914977191384363E-002
   5.4654654654654653       -3.0807907823886146E-002
   5.4714714714714718       -3.0701528531572153E-002
   5.4774774774774775       -3.0595834707912977E-002
   5.4834834834834831       -3.0490821784044244E-002
   5.4894894894894897       -3.0386485228436875E-002
   5.4954954954954953       -3.0282820546570704E-002
   5.5015015015015019       -3.0179823280610533E-002
   5.5075075075075075       -3.0077489009086723E-002
   5.5135135135135132       -2.9975813346577635E-002
   5.5195195195195197       -2.9874791943396428E-002
   5.5255255255255253       -2.9774420485280034E-002
   5.5315315315315319       -2.9674694693081774E-002
   5.5375375375375375       -2.9575610322467048E-002
   5.5435435435435432       -2.9477163163611594E-002
   5.5495495495495497       -2.9379349040903443E-002
   5.5555555555555554       -2.9282163812647064E-002
   5.5615615615615619       -2.9185603370770991E-002
   5.5675675675675675       -2.9089663640538450E-002
   5.5735735735735732       -2.8994340580259948E-002
   5.5795795795795797       -2.8899630181010046E-002
   5.5855855855855854       -2.8805528466345584E-002
   5.5915915915915919       -2.8712031492027928E-002
   5.5975975975975976       -2.8619135345746793E-002
   5.6036036036036032       -2.8526836146847642E-002
   5.6096096096096097       -2.8435130046061373E-002
   5.6156156156156154       -2.8344013225236823E-002
   5.6216216216216219       -2.8253481897075834E-002
   5.6276276276276276       -2.8163532304870696E-002
   5.6336336336336332       -2.8074160722244626E-002
   5.6396396396396398       -2.7985363452894423E-002
   5.6456456456456454       -2.7897136830335678E-002
   5.6516516516516520       -2.7809477217650855E-002
   5.6576576576576576       -2.7722381007239033E-002
   5.6636636636636633       -2.7635844620569051E-002
   5.6696696696696698       -2.7549864507934212E-002
   5.6756756756756754       -2.7464437148210067E-002
   5.6816816816816820       -2.7379559048613899E-002
   5.6876876876876876       -2.7295226744467226E-002
   5.6936936936936933       -2.7211436798960081E-002
   5.6996996996996998       -2.7128185802917596E-002
   5.7057057057057055       -2.7045470374569405E-002
   5.7117117117117120       -2.6963287159320573E-002
   5.7177177177177176       -2.6881632829525132E-002
   5.7237237237237233       -2.6800504084261836E-002
   5.7297297297297298       -2.6719897649111767E-002
   5.7357357357357355       -2.6639810275938584E-002
   5.7417417417417420       -2.6560238742670290E-002
   5.7477477477477477       -2.6481179853083667E-002
   5.7537537537537533       -2.6402630436590437E-002
   5.7597597597597598       -2.6324587348025529E-002
   5.7657657657657655       -2.6247047467437584E-002
   5.7717717717717720       -2.6170007699881020E-002
   5.7777777777777777       -2.6093464975210794E-002
   5.7837837837837833       -2.6017416247878501E-002
   5.7897897897897899       -2.5941858496730613E-002
   5.7957957957957955       -2.5866788724808912E-002
   5.8018018018018020       -2.5792203959152334E-002
   5.8078078078078077       -2.5718101250601300E-002
   5.8138138138138133       -2.5644477673603356E-002
   5.8198198198198199       -2.5571330326021185E-002
   5.8258258258258255       -2.5498656328941858E-002
   5.8318318318318321       -2.5426452826488539E-002
   5.8378378378378377       -2.5354716985633716E-002
   5.8438438438438434       -2.5283445996013718E-002
   5.8498498498498499       -2.5212637069746153E-002
   5.8558558558558556       -2.5142287441247871E-002
   5.8618618618618621       -2.5072394367055266E-002
   5.8678678678678677       -2.5002955125646667E-002
   5.8738738738738734       -2.4933967017265156E-002
   5.8798798798798799       -2.4865427363744572E-002
   5.8858858858858856       -2.4797333508336121E-002
   5.8918918918918921       -2.4729682815537099E-002
   5.8978978978978978       -2.4662472670920976E-002
   5.9039039039039043       -2.4595700480969429E-002
   5.9099099099099099       -2.4529363672905650E-002
   5.9159159159159156       -2.4463459694529194E-002
   5.9219219219219221       -2.4397986014052922E-002
   5.9279279279279278       -2.4332940119940846E-002
   5.9339339339339343       -2.4268319520747730E-002
   5.9399399399399400       -2.4204121744960547E-002
   5.9459459459459456       -2.4140344340840655E-002
   5.9519519519519521       -2.4076984876268501E-002
   5.9579579579579578       -2.4014040938588818E-002
   5.9639639639639643       -2.3951510134457867E-002
   5.9699699699699700       -2.3889390089692042E-002
   5.9759759759759756       -2.3827678449117488E-002
   5.9819819819819822       -2.3766372876421929E-002
   5.9879879879879878       -2.3705471054006978E-002
   5.9939939939939944       -2.3644970682842676E-002
   6.0000000000000000       -2.3584869482322732E-002
