 X =   0.25000000000000000      Y =    0.0000000000000000      Npts =        1000
   0.0000000000000000        122.75231439780180     
   6.0060060060060060E-003   122.67239292369896     
   1.2012012012012012E-002   122.57378144104580     
   1.8018018018018018E-002   122.45647130079298     
   2.4024024024024024E-002   122.32046123169022     
   3.0030030030030030E-002   122.16575739805441     
   3.6036036036036036E-002   121.99237345416189     
   4.2042042042042038E-002   121.80033059516209     
   4.8048048048048048E-002   121.58965760440834     
   5.4054054054054057E-002   121.36039089710073     
   6.0060060060060060E-002   121.11257456013328     
   6.6066066066066062E-002   120.84626038803825     
   7.2072072072072071E-002   120.56150791491686     
   7.8078078078078081E-002   120.25838444224530     
   8.4084084084084076E-002   119.93696506244484     
   9.0090090090090086E-002   119.59733267810064     
   9.6096096096096095E-002   119.23957801671831     
  0.10210210210210210        118.86379964090021     
  0.10810810810810811        118.47010395382719     
  0.11411411411411411        118.05860519993175     
  0.12012012012012012        117.62942546064288     
  0.12612612612612611        117.18269464509129     
  0.13213213213213212        116.71855047565525     
  0.13813813813813813        116.23713846823483     
  0.14414414414414414        115.73861190714111     
  0.15015015015015015        115.22313181448418     
  0.15615615615615616        114.69086691395196     
  0.16216216216216217        114.14199358887006     
  0.16816816816816815        113.57669583443371     
  0.17417417417417416        112.99516520400928     
  0.18018018018018017        112.39760074940349     
  0.18618618618618618        111.78420895500213     
  0.19219219219219219        111.15520366568445     
  0.19819819819819820        110.51080600842407     
  0.20420420420420421        109.85124430749171     
  0.21021021021021022        109.17675399317999     
  0.21621621621621623        108.48757750397719     
  0.22222222222222221        107.78396418212355     
  0.22822822822822822        107.06617016248981     
  0.23423423423423423        106.33445825472475     
  0.24024024024024024        105.58909781862907     
  0.24624624624624625        104.83036463271699     
  0.25225225225225223        104.05854075594334     
  0.25825825825825827        103.27391438257452     
  0.26426426426426425        102.47677969019938     
  0.27027027027027029        101.66743668088546     
  0.27627627627627627        100.84619101549305     
  0.28228228228228230        100.01335384117814     
  0.28828828828828829        99.169241612122903     
  0.29429429429429427        98.314175903547309     
  0.30030030030030030        97.448483219070027     
  0.30630630630630629        96.572494791497178     
  0.31231231231231232        95.686546377137759     
  0.31831831831831831        94.790978043753086     
  0.32432432432432434        93.886133952268068     
  0.33033033033033032        92.972362132384845     
  0.33633633633633631        92.050014252256489     
  0.34234234234234234        91.119445382394801     
  0.34834834834834832        90.181013754000915     
  0.35435435435435436        89.235080511927634     
  0.36036036036036034        88.282009462495779     
  0.36636636636636638        87.322166816404533     
  0.37237237237237236        86.355920926995026     
  0.37837837837837840        85.383642024138467     
  0.38438438438438438        84.405701944041624     
  0.39039039039039036        83.422473855274887     
  0.39639639639639640        82.434331981348265     
  0.40240240240240238        81.441651320171530     
  0.40840840840840842        80.444807360755163     
  0.41441441441441440        79.444175797519577     
  0.42042042042042044        78.440132242596121     
  0.42642642642642642        77.433051936518169     
  0.43243243243243246        76.423309457710232     
  0.43843843843843844        75.411278431198127     
  0.44444444444444442        74.397331236971866     
  0.45045045045045046        73.381838718446176     
  0.45645645645645644        72.365169891468668     
  0.46246246246246248        71.347691654337041     
  0.46846846846846846        70.329768499292655     
  0.47447447447447449        69.311762225960834     
  0.48048048048048048        68.294031657217118     
  0.48648648648648646        67.276932357957378     
  0.49249249249249250        66.260816357252622     
  0.49849849849849848        65.246031874371127     
  0.50450450450450446        64.232923049145313     
  0.51051051051051055        63.221829677160258     
  0.51651651651651653        62.213086950237319     
  0.52252252252252251        61.207025202675020     
  0.52852852852852850        60.203969663709003     
  0.53453453453453448        59.204240216635625     
  0.54054054054054057        58.208151165039077     
  0.54654654654654655        57.216011006546822     
  0.55255255255255253        56.228122214522379     
  0.55855855855855852        55.244781028093399     
  0.56456456456456461        54.266277250890830     
  0.57057057057057059        53.292894058860583     
  0.57657657657657657        52.324907817486825     
  0.58258258258258255        51.362587908746015     
  0.58858858858858853        50.406196568088198     
  0.59459459459459463        49.455988731717660     
  0.60060060060060061        48.512211894422705     
  0.60660660660660659        47.575105978175863     
  0.61261261261261257        46.644903211701660     
  0.61861861861861867        45.721828021181182     
  0.62462462462462465        44.806096932234432     
  0.63063063063063063        43.897918483293417     
  0.63663663663663661        42.997493150450829     
  0.64264264264264259        42.105013283838439     
  0.64864864864864868        41.220663055562383     
  0.65465465465465467        40.344618419190233     
  0.66066066066066065        39.477047080759057     
  0.66666666666666663        38.618108481241471     
  0.67267267267267261        37.767953790380346     
  0.67867867867867870        36.926725911772692     
  0.68468468468468469        36.094559499057411     
  0.69069069069069067        35.271580983033267     
  0.69669669669669665        34.457908609507832     
  0.70270270270270274        33.653652487652899     
  0.70870870870870872        32.858914648617329     
  0.71471471471471471        32.073789114125660     
  0.72072072072072069        31.298361974767712     
  0.72672672672672667        30.532711477665547     
  0.73273273273273276        29.776908123182952     
  0.73873873873873874        29.031014770325594     
  0.74474474474474472        28.295086750463444     
  0.75075075075075071        27.569171988992149     
  0.75675675675675680        26.853311134536213     
  0.76276276276276278        26.147537695285440     
  0.76876876876876876        25.451878182045679     
  0.77477477477477474        24.766352257576457     
  0.78078078078078073        24.090972891780972     
  0.78678678678678682        23.425746522308426     
  0.79279279279279280        22.770673220125310     
  0.79879879879879878        22.125746859609926     
  0.80480480480480476        21.490955292723406     
  0.81081081081081086        20.866280526812123     
  0.81681681681681684        20.251698905598307     
  0.82282282282282282        19.647181292919292     
  0.82882882882882880        19.052693258781780     
  0.83483483483483478        18.468195267302885     
  0.84084084084084088        17.893642866118530     
  0.84684684684684686        17.328986876847946     
  0.85285285285285284        16.774173586213049     
  0.85885885885885882        16.229144937423104     
  0.86486486486486491        15.693838721446006     
  0.87087087087087089        15.168188767801317     
  0.87687687687687688        14.652125134522917     
  0.88288288288288286        14.145574296954187     
  0.88888888888888884        13.648459335052655     
  0.89489489489489493        13.160700118896960     
  0.90090090090090091        12.682213492104882     
  0.90690690690690690        12.212913452886605     
  0.91291291291291288        11.752711332474911     
  0.91891891891891886        11.301515970689449     
  0.92492492492492495        10.859233888410024     
  0.93093093093093093        10.425769456749684     
  0.93693693693693691        10.001025062735920     
  0.94294294294294290        9.5849012713245134     
  0.94894894894894899        9.1772969835870200     
  0.95495495495495497        8.7781095909295779     
  0.96096096096096095        8.3872351252162112     
  0.96696696696696693        8.0045684046859655     
  0.97297297297297292        7.6300031755681754     
  0.97897897897897901        7.2634322493153469     
  0.98498498498498499        6.9047476353874000     
  0.99099099099099097        6.5538406695351332     
  0.99699699699699695        6.2106021375440745     
   1.0030030030030030        5.8749223944131588     
   1.0090090090090089        5.5466914789544335     
   1.0150150150150150        5.2257992238124009     
   1.0210210210210211        4.9121353609124920     
   1.0270270270270270        4.6055896223586421     
   1.0330330330330331        4.3060518368101111     
   1.0390390390390389        4.0134120213771443     
   1.0450450450450450        3.7275604690832393     
   1.0510510510510511        3.4483878319508445     
   1.0570570570570570        3.1757851997737903     
   1.0630630630630631        2.9096441746474215     
   1.0690690690690690        2.6498569413335362     
   1.0750750750750750        2.3963163335425595     
   1.0810810810810811        2.1489158962212889     
   1.0870870870870870        1.9075499439384169     
   1.0930930930930931        1.6721136154645633     
   1.0990990990990992        1.4425029246471590     
   1.1051051051051051        1.2186148076831056     
   1.1111111111111112        1.0003471668952264     
   1.1171171171171170       0.78759891112052538     
   1.1231231231231231       0.58026999281958036     
   1.1291291291291292       0.37826144201832412     
   1.1351351351351351       0.18147539719376113     
   1.1411411411411412       -1.0184866784093456E-002
   1.1471471471471471      -0.19681491354139843     
   1.1531531531531531      -0.37850912280884397     
   1.1591591591591592      -0.55536067063702887     
   1.1651651651651651      -0.72746151210809051     
   1.1711711711711712      -0.89490236643339927     
   1.1771771771771771       -1.0577727043285128     
   1.1831831831831832       -1.2161607375582464     
   1.1891891891891893       -1.3701534105459647     
   1.1951951951951951       -1.5198363939436059     
   1.2012012012012012       -1.6652940800604490     
   1.2072072072072071       -1.8066095800511182     
   1.2132132132132132       -1.9438647227655399     
   1.2192192192192193       -2.0771400551658661     
   1.2252252252252251       -2.2065148442180154     
   1.2312312312312312       -2.3320670801679930     
   1.2372372372372373       -2.4538734811157261     
   1.2432432432432432       -2.5720094988020121     
   1.2492492492492493       -2.6865493255267974     
   1.2552552552552552       -2.7975659021197443     
   1.2612612612612613       -2.9051309268869794     
   1.2672672672672673       -3.0093148654605577     
   1.2732732732732732       -3.1101869614800641     
   1.2792792792792793       -3.2078152480385640     
   1.2852852852852852       -3.3022665598277809     
   1.2912912912912913       -3.3936065459203024     
   1.2972972972972974       -3.4818996831291691     
   1.3033033033033032       -3.5672092898879599     
   1.3093093093093093       -3.6495975405971559     
   1.3153153153153152       -3.7291254803850133     
   1.3213213213213213       -3.8058530402339534     
   1.3273273273273274       -3.8798390524256754     
   1.3333333333333333       -3.9511412662609167     
   1.3393393393393394       -4.0198163640119047     
   1.3453453453453452       -4.0859199770679915     
   1.3513513513513513       -4.1495067022372050     
   1.3573573573573574       -4.2106301181684946     
   1.3633633633633633       -4.2693428018617272     
   1.3693693693693694       -4.3256963452343706     
   1.3753753753753755       -4.3797413717158875     
   1.3813813813813813       -4.4315275528426525     
   1.3873873873873874       -4.4811036248281448     
   1.3933933933933933       -4.5285174050848145     
   1.3993993993993994       -4.5738158086757865     
   1.4054054054054055       -4.6170448646761422     
   1.4114114114114114       -4.6582497324251255     
   1.4174174174174174       -4.6974747176519882     
   1.4234234234234233       -4.7347632884597761     
   1.4294294294294294       -4.7701580911525392     
   1.4354354354354355       -4.8037009658928671     
   1.4414414414414414       -4.8354329621778147     
   1.4474474474474475       -4.8653943541224489     
   1.4534534534534533       -4.8936246555413989     
   1.4594594594594594       -4.9201626348197998     
   1.4654654654654655       -4.9450463295660141     
   1.4714714714714714       -4.9683130610395061     
   1.4774774774774775       -4.9899994483480494     
   1.4834834834834836       -5.0101414224093697     
   1.4894894894894894       -5.0287742396730346     
   1.4954954954954955       -5.0459324955992217     
   1.5015015015015014       -5.0616501378915979     
   1.5075075075075075       -5.0759604794822852     
   1.5135135135135136       -5.0888962112674161     
   1.5195195195195195       -5.1004894145924178     
   1.5255255255255256       -5.1107715734866437     
   1.5315315315315314       -5.1197735866474563     
   1.5375375375375375       -5.1275257791743840     
   1.5435435435435436       -5.1340579140543277     
   1.5495495495495495       -5.1393992033991944     
   1.5555555555555556       -5.1435783194377445     
   1.5615615615615615       -5.1466234052636670     
   1.5675675675675675       -5.1485620853423288     
   1.5735735735735736       -5.1494214757787713     
   1.5795795795795795       -5.1492281943499112     
   1.5855855855855856       -5.1480083703040309     
   1.5915915915915915       -5.1457876539308671     
   1.5975975975975976       -5.1425912259058411     
   1.6036036036036037       -5.1384438064120319     
   1.6096096096096095       -5.1333696640437418     
   1.6156156156156156       -5.1273926244955383     
   1.6216216216216217       -5.1205360790408179     
   1.6276276276276276       -5.1128229928039870     
   1.6336336336336337       -5.1042759128304747     
   1.6396396396396395       -5.0949169759588040     
   1.6456456456456456       -5.0847679164990227     
   1.6516516516516517       -5.0738500737218297     
   1.6576576576576576       -5.0621843991627511     
   1.6636636636636637       -5.0497914637457253     
   1.6696696696696696       -5.0366914647304784     
   1.6756756756756757       -5.0229042324880435     
   1.6816816816816818       -5.0084492371087919     
   1.6876876876876876       -4.9933455948472769     
   1.6936936936936937       -4.9776120744082197     
   1.6996996996996996       -4.9612671030778781     
   1.7057057057057057       -4.9443287727050365     
   1.7117117117117118       -4.9268148455357688     
   1.7177177177177176       -4.9087427599061320     
   1.7237237237237237       -4.8901296357968107     
   1.7297297297297298       -4.8709922802537671     
   1.7357357357357357       -4.8513471926787890     
   1.7417417417417418       -4.8312105699938499     
   1.7477477477477477       -4.8105983116830586     
   1.7537537537537538       -4.7895260247159372     
   1.7597597597597598       -4.7680090283556869     
   1.7657657657657657       -4.7460623588560100     
   1.7717717717717718       -4.7237007740500045     
   1.7777777777777777       -4.7009387578345327     
   1.7837837837837838       -4.6777905245534237     
   1.7897897897897899       -4.6542700232827592     
   1.7957957957957957       -4.6303909420214211     
   1.8018018018018018       -4.6061667117899932     
   1.8078078078078077       -4.5816105106410516     
   1.8138138138138138       -4.5567352675837363     
   1.8198198198198199       -4.5315536664254985     
   1.8258258258258258       -4.5060781495337547     
   1.8318318318318318       -4.4803209215201543     
   1.8378378378378377       -4.4542939528500671     
   1.8438438438438438       -4.4280089833797982     
   1.8498498498498499       -4.4014775258240126     
   1.8558558558558558       -4.3747108691557015     
   1.8618618618618619       -4.3477200819410067     
   1.8678678678678680       -4.3205160156111182     
   1.8738738738738738       -4.2931093076733813     
   1.8798798798798799       -4.2655103848636795     
   1.8858858858858858       -4.2377294662421106     
   1.8918918918918919       -4.2097765662338489     
   1.8978978978978980       -4.1816614976170827     
   1.9039039039039038       -4.1533938744598080     
   1.9099099099099099       -4.1249831150071792     
   1.9159159159159158       -4.0964384445211115     
   1.9219219219219219       -4.0677688980737043     
   1.9279279279279280       -4.0389833232960237     
   1.9339339339339339       -4.0100903830837300     
   1.9399399399399400       -3.9810985582609328     
   1.9459459459459458       -3.9520161502036788     
   1.9519519519519519       -3.9228512834243250     
   1.9579579579579580       -3.8936119081180789     
   1.9639639639639639       -3.8643058026728796     
   1.9699699699699700       -3.8349405761437763     
   1.9759759759759759       -3.8055236706929016     
   1.9819819819819819       -3.7760623639960609     
   1.9879879879879880       -3.7465637716169780     
   1.9939939939939939       -3.7170348493501200     
   2.0000000000000000       -3.6874823955330225     
   2.0060060060060061       -3.6579130533289992     
   2.0120120120120122       -3.6283333129810420     
   2.0180180180180178       -3.5987495140377304     
   2.0240240240240239       -3.5691678475518582     
   2.0300300300300300       -3.5395943582525695     
   2.0360360360360361       -3.5100349466915972     
   2.0420420420420422       -3.4804953713643170     
   2.0480480480480479       -3.4509812508062097     
   2.0540540540540539       -3.4214980656653036     
   2.0600600600600600       -3.3920511607511918     
   2.0660660660660661       -3.3626457470611015     
   2.0720720720720722       -3.3332869037835469     
   2.0780780780780779       -3.3039795802800294     
   2.0840840840840840       -3.2747285980452228     
   2.0900900900900901       -3.2455386526460974     
   2.0960960960960962       -3.2164143156403373     
   2.1021021021021022       -3.1873600364744608     
   2.1081081081081079       -3.1583801443620065     
   2.1141141141141140       -3.1294788501420823     
   2.1201201201201201       -3.1006602481186514     
   2.1261261261261262       -3.0719283178808054     
   2.1321321321321323       -3.0432869261043387     
   2.1381381381381379       -3.0147398283348683     
   2.1441441441441440       -2.9862906707527692     
   2.1501501501501501       -2.9579429919201545     
   2.1561561561561562       -2.9297002245101131     
   2.1621621621621623       -2.9015656970184240     
   2.1681681681681679       -2.8735426354579410     
   2.1741741741741740       -2.8456341650358232     
   2.1801801801801801       -2.8178433118138173     
   2.1861861861861862       -2.7901730043516975     
   2.1921921921921923       -2.7626260753340670     
   2.1981981981981984       -2.7352052631806507     
   2.2042042042042040       -2.7079132136401984     
   2.2102102102102101       -2.6807524813681369     
   2.2162162162162162       -2.6537255314881065     
   2.2222222222222223       -2.6268347411374657     
   2.2282282282282284       -2.6000824009968824     
   2.2342342342342341       -2.5734707168041258     
   2.2402402402402402       -2.5470018108521142     
   2.2462462462462462       -2.5206777234713740     
   2.2522522522522523       -2.4945004144969167     
   2.2582582582582584       -2.4684717647196717     
   2.2642642642642641       -2.4425935773225271     
   2.2702702702702702       -2.4168675793010483     
   2.2762762762762763       -2.3912954228689660     
   2.2822822822822824       -2.3658786868484691     
   2.2882882882882885       -2.3406188780453920     
   2.2942942942942941       -2.3155174326093411     
   2.3003003003003002       -2.2905757173788226     
   2.3063063063063063       -2.2657950312114514     
   2.3123123123123124       -2.2411766062992569     
   2.3183183183183185       -2.2167216094691740     
   2.3243243243243241       -2.1924311434687578     
   2.3303303303303302       -2.1683062482371742     
   2.3363363363363363       -2.1443479021615346     
   2.3423423423423424       -2.1205570233186015     
   2.3483483483483485       -2.0969344707019348     
   2.3543543543543541       -2.0734810454345252     
   2.3603603603603602       -2.0501974919669563     
   2.3663663663663663       -2.0270844992611745     
   2.3723723723723724       -2.0041427019598799     
   2.3783783783783785       -1.9813726815416208     
   2.3843843843843842       -1.9587749674616319     
   2.3903903903903903       -1.9363500382784649     
   2.3963963963963963       -1.9140983227664847     
   2.4024024024024024       -1.8920202010142668     
   2.4084084084084085       -1.8701160055089501     
   2.4144144144144142       -1.8483860222066255     
   2.4204204204204203       -1.8268304915887876     
   2.4264264264264264       -1.8054496097049408     
   2.4324324324324325       -1.7842435292013836     
   2.4384384384384385       -1.7632123603362648     
   2.4444444444444446       -1.7423561719809564     
   2.4504504504504503       -1.7216749926078121     
   2.4564564564564564       -1.7011688112643688     
   2.4624624624624625       -1.6808375785340839     
   2.4684684684684686       -1.6606812074836339     
   2.4744744744744747       -1.6406995745968842     
   2.4804804804804803       -1.6208925206955722     
   2.4864864864864864       -1.6012598518467924     
   2.4924924924924925       -1.5818013402573565     
   2.4984984984984986       -1.5625167251550856     
   2.5045045045045047       -1.5434057136571331     
   2.5105105105105103       -1.5244679816254101     
   2.5165165165165164       -1.5057031745091729     
   2.5225225225225225       -1.4871109081748888     
   2.5285285285285286       -1.4686907697234279     
   2.5345345345345347       -1.4504423182946871     
   2.5405405405405403       -1.4323650858597146     
   2.5465465465465464       -1.4144585780004342     
   2.5525525525525525       -1.3967222746770505     
   2.5585585585585586       -1.3791556309832211     
   2.5645645645645647       -1.3617580778890859     
   2.5705705705705704       -1.3445290229722520     
   2.5765765765765765       -1.3274678511368130     
   2.5825825825825826       -1.3105739253205109     
   2.5885885885885886       -1.2938465871901195     
   2.5945945945945947       -1.2772851578251558     
   2.6006006006006004       -1.2608889383900139     
   2.6066066066066065       -1.2446572107946059     
   2.6126126126126126       -1.2285892383436343     
   2.6186186186186187       -1.2126842663745667     
   2.6246246246246248       -1.1969415228844302     
   2.6306306306306304       -1.1813602191455239     
   2.6366366366366365       -1.1659395503101373     
   2.6426426426426426       -1.1506786960044089     
   2.6486486486486487       -1.1355768209113866     
   2.6546546546546548       -1.1206330753434270     
   2.6606606606606604       -1.1058465958040247     
   2.6666666666666665       -1.0912165055391660     
   2.6726726726726726       -1.0767419150783495     
   2.6786786786786787       -1.0624219227653235     
   2.6846846846846848       -1.0482556152787008     
   2.6906906906906904       -1.0342420681425288     
   2.6966966966966965       -1.0203803462269165     
   2.7027027027027026       -1.0066695042388605     
   2.7087087087087087      -0.99310858720333306     
   2.7147147147147148      -0.97969663093478121     
   2.7207207207207209      -0.96643266249911275     
   2.7267267267267266      -0.95331570066630256     
   2.7327327327327327      -0.94034475635371406     
   2.7387387387387387      -0.92751883306025240     
   2.7447447447447448      -0.91483692729144739     
   2.7507507507507509      -0.90229802897559375     
   2.7567567567567566      -0.88990112187104209     
   2.7627627627627627      -0.87764518396474922     
   2.7687687687687688      -0.86552918786221478     
   2.7747747747747749      -0.85355210116889479     
   2.7807807807807809      -0.84171288686320689     
   2.7867867867867866      -0.83001050366123763     
   2.7927927927927927      -0.81844390637326137     
   2.7987987987987988      -0.80701204625217604     
   2.8048048048048049      -0.79571387133396676     
   2.8108108108108110      -0.78454832677029951     
   2.8168168168168166      -0.77351435515336242     
   2.8228228228228227      -0.76261089683304939     
   2.8288288288288288      -0.75183689022660805     
   2.8348348348348349      -0.74119127212084202     
   2.8408408408408410      -0.73067297796698594     
   2.8468468468468466      -0.72028094216835459     
   2.8528528528528527      -0.71001409836086427     
   2.8588588588588588      -0.69987137968655211     
   2.8648648648648649      -0.68985171906016762     
   2.8708708708708710      -0.67995404942896731     
   2.8768768768768767      -0.67017730402579612     
   2.8828828828828827      -0.66052041661556815     
   2.8888888888888888      -0.65098232173525228     
   2.8948948948948949      -0.64156195492744406     
   2.9009009009009010      -0.63225825296765303     
   2.9069069069069067      -0.62307015408538213     
   2.9129129129129128      -0.61399659817910268     
   2.9189189189189189      -0.60503652702524136     
   2.9249249249249250      -0.59618888448125218     
   2.9309309309309310      -0.58745261668288007     
   2.9369369369369367      -0.57882667223572482     
   2.9429429429429428      -0.57031000240117835     
   2.9489489489489489      -0.56190156127685020     
   2.9549549549549550      -0.55360030597156207     
   2.9609609609609611      -0.54540519677501298     
   2.9669669669669672      -0.53731519732219934     
   2.9729729729729728      -0.52932927475269465     
   2.9789789789789789      -0.52144639986485886     
   2.9849849849849850      -0.51366554726509417     
   2.9909909909909911      -0.50598569551220984     
   2.9969969969969972      -0.49840582725700383     
   3.0030030030030028      -0.49092492937713811     
   3.0090090090090089      -0.48354199310739815     
   3.0150150150150150      -0.47625601416542007     
   3.0210210210210211      -0.46906599287297729     
   3.0270270270270272      -0.46197093427289571     
   3.0330330330330328      -0.45496984824169601     
   3.0390390390390389      -0.44806174959803757     
   3.0450450450450450      -0.44124565820704592     
   3.0510510510510511      -0.43452059908060497     
   3.0570570570570572      -0.42788560247369034     
   3.0630630630630629      -0.42133970397682735     
   3.0690690690690690      -0.41488194460474870     
   3.0750750750750750      -0.40851137088132694     
   3.0810810810810811      -0.40222703492085771     
   3.0870870870870872      -0.39602799450577453     
   3.0930930930930929      -0.38991331316085881     
   3.0990990990990990      -0.38388206022402377     
   3.1051051051051051      -0.37793331091374827     
   3.1111111111111112      -0.37206614639322183     
   3.1171171171171173      -0.36627965383128097     
   3.1231231231231229      -0.36057292646019645     
   3.1291291291291290      -0.35494506363038764     
   3.1351351351351351      -0.34939517086213057     
   3.1411411411411412      -0.34392235989431996     
   3.1471471471471473      -0.33852574873035701     
   3.1531531531531529      -0.33320446168122525     
   3.1591591591591590      -0.32795762940581707     
   3.1651651651651651      -0.32278438894858086     
   3.1711711711711712      -0.31768388377453599     
   3.1771771771771773      -0.31265526380173320     
   3.1831831831831829      -0.30769768543121068     
   3.1891891891891890      -0.30281031157450566     
   3.1951951951951951      -0.29799231167878509     
   3.2012012012012012      -0.29324286174964787     
   3.2072072072072073      -0.28856114437165697     
   3.2132132132132134      -0.28394634872665714     
   3.2192192192192191      -0.27939767060993531     
   3.2252252252252251      -0.27491431244427073     
   3.2312312312312312      -0.27049548329194073     
   3.2372372372372373      -0.26614039886471819     
   3.2432432432432434      -0.26184828153192780     
   3.2492492492492491      -0.25761836032660002     
   3.2552552552552552      -0.25344987094977911     
   3.2612612612612613      -0.24934205577303270     
   3.2672672672672673      -0.24529416383921143     
   3.2732732732732734      -0.24130545086150279     
   3.2792792792792791      -0.23737517922083090     
   3.2852852852852852      -0.23350261796164576     
   3.2912912912912913      -0.22968704278614413     
   3.2972972972972974      -0.22592773604697322     
   3.3033033033033035      -0.22222398673845195     
   3.3093093093093091      -0.21857509048636020     
   3.3153153153153152      -0.21498034953633260     
   3.3213213213213213      -0.21143907274090201     
   3.3273273273273274      -0.20795057554523014     
   3.3333333333333335      -0.20451417997156632     
   3.3393393393393391      -0.20112921460247454     
   3.3453453453453452      -0.19779501456286283     
   3.3513513513513513      -0.19451092150085972     
   3.3573573573573574      -0.19127628356756582     
   3.3633633633633635      -0.18809045539572697     
   3.3693693693693691      -0.18495279807735146     
   3.3753753753753752      -0.18186267914031978     
   3.3813813813813813      -0.17881947252401201     
   3.3873873873873874      -0.17582255855398882     
   3.3933933933933935      -0.17287132391575863     
   3.3993993993993992      -0.16996516162766553     
   3.4054054054054053      -0.16710347101292403     
   3.4114114114114114      -0.16428565767083866     
   3.4174174174174174      -0.16151113344723170     
   3.4234234234234235      -0.15877931640411394     
   3.4294294294294292      -0.15608963078862434     
   3.4354354354354353      -0.15344150700126769     
   3.4414414414414414      -0.15083438156348025     
   3.4474474474474475      -0.14826769708454801     
   3.4534534534534536      -0.14574090222790326     
   3.4594594594594597      -0.14325345167683132     
   3.4654654654654653      -0.14080480609960608     
   3.4714714714714714      -0.13839443211408170     
   3.4774774774774775      -0.13602180225177063     
   3.4834834834834836      -0.13368639492141979     
   3.4894894894894897      -0.13138769437212122     
   3.4954954954954953      -0.12912519065597153     
   3.5015015015015014      -0.12689837959030445     
   3.5075075075075075      -0.12470676271952079     
   3.5135135135135136      -0.12254984727653624     
   3.5195195195195197      -0.12042714614386277     
   3.5255255255255253      -0.11833817781435312     
   3.5315315315315314      -0.11628246635162075     
   3.5375375375375375      -0.11425954135015769     
   3.5435435435435436      -0.11226893789517038     
   3.5495495495495497      -0.11031019652214809     
   3.5555555555555554      -0.10838286317618669     
   3.5615615615615615      -0.10648648917108204     
   3.5675675675675675      -0.10462063114821189     
   3.5735735735735736      -0.10278485103522221     
   3.5795795795795797      -0.10097871600453479     
   3.5855855855855854       -9.9201798431691537E-002
   3.5915915915915915       -9.7453675853551733E-002
   3.5975975975975976       -9.5733930926357610E-002
   3.6036036036036037       -9.4042151383680633E-002
   3.6096096096096097       -9.2377929994266805E-002
   3.6156156156156154       -9.0740864519791450E-002
   3.6216216216216215       -8.9130557672538094E-002
   3.6276276276276276       -8.7546617073017169E-002
   3.6336336336336337       -8.5988655207533210E-002
   3.6396396396396398       -8.4456289385715866E-002
   3.6456456456456454       -8.2949141698027487E-002
   3.6516516516516515       -8.1466838973255420E-002
   3.6576576576576576       -8.0009012736006510E-002
   3.6636636636636637       -7.8575299164208495E-002
   3.6696696696696698       -7.7165339046634113E-002
   3.6756756756756754       -7.5778777740456313E-002
   3.6816816816816815       -7.4415265128844457E-002
   3.6876876876876876       -7.3074455578613681E-002
   3.6936936936936937       -7.1756007897934140E-002
   3.6996996996996998       -7.0459585294111907E-002
   3.7057057057057055       -6.9184855331449704E-002
   3.7117117117117115       -6.7931489889195326E-002
   3.7177177177177176       -6.6699165119588469E-002
   3.7237237237237237       -6.5487561406012557E-002
   3.7297297297297298       -6.4296363321259542E-002
   3.7357357357357359       -6.3125259585916527E-002
   3.7417417417417416       -6.1973943026880605E-002
   3.7477477477477477       -6.0842110536009755E-002
   3.7537537537537538       -5.9729463028916845E-002
   3.7597597597597598       -5.8635705403913399E-002
   3.7657657657657659       -5.7560546501108638E-002
   3.7717717717717716       -5.6503699061671853E-002
   3.7777777777777777       -5.5464879687263623E-002
   3.7837837837837838       -5.4443808799640177E-002
   3.7897897897897899       -5.3440210600439159E-002
   3.7957957957957960       -5.2453813031150022E-002
   3.8018018018018016       -5.1484347733275260E-002
   3.8078078078078077       -5.0531550008687448E-002
   3.8138138138138138       -4.9595158780187019E-002
   3.8198198198198199       -4.8674916552264733E-002
   3.8258258258258260       -4.7770569372074162E-002
   3.8318318318318316       -4.6881866790617795E-002
   3.8378378378378377       -4.6008561824151049E-002
   3.8438438438438438       -4.5150410915808355E-002
   3.8498498498498499       -4.4307173897454658E-002
   3.8558558558558560       -4.3478613951766283E-002
   3.8618618618618616       -4.2664497574543651E-002
   3.8678678678678677       -4.1864594537260602E-002
   3.8738738738738738       -4.1078677849852141E-002
   3.8798798798798799       -4.0306523723743846E-002
   3.8858858858858860       -3.9547911535126011E-002
   3.8918918918918917       -3.8802623788475231E-002
   3.8978978978978978       -3.8070446080324755E-002
   3.9039039039039038       -3.7351167063288018E-002
   3.9099099099099099       -3.6644578410335547E-002
   3.9159159159159160       -3.5950474779328327E-002
   3.9219219219219217       -3.5268653777809925E-002
   3.9279279279279278       -3.4598915928057868E-002
   3.9339339339339339       -3.3941064632397544E-002
   3.9399399399399400       -3.3294906138779203E-002
   3.9459459459459461       -3.2660249506619360E-002
   3.9519519519519517       -3.2036906572909259E-002
   3.9579579579579578       -3.1424691918589827E-002
   3.9639639639639639       -3.0823422835195940E-002
   3.9699699699699700       -3.0232919291769834E-002
   3.9759759759759761       -2.9653003902045134E-002
   3.9819819819819822       -2.9083501891902099E-002
   3.9879879879879878       -2.8524241067095231E-002
   3.9939939939939939       -2.7975051781253150E-002
   4.0000000000000000       -2.7435766904152063E-002
   4.0060060060060056       -2.6906221790262853E-002
   4.0120120120120122       -2.6386254247571624E-002
   4.0180180180180178       -2.5875704506675822E-002
   4.0240240240240244       -2.5374415190153533E-002
   4.0300300300300300       -2.4882231282208310E-002
   4.0360360360360357       -2.4399000098588156E-002
   4.0420420420420422       -2.3924571256779482E-002
   4.0480480480480479       -2.3458796646475679E-002
   4.0540540540540544       -2.3001530400319371E-002
   4.0600600600600600       -2.2552628864919964E-002
   4.0660660660660657       -2.2111950572143504E-002
   4.0720720720720722       -2.1679356210677257E-002
   4.0780780780780779       -2.1254708597866746E-002
   4.0840840840840844       -2.0837872651824810E-002
   4.0900900900900901       -2.0428715363813677E-002
   4.0960960960960957       -2.0027105770896791E-002
   4.1021021021021022       -1.9632914928862877E-002
   4.1081081081081079       -1.9246015885418879E-002
   4.1141141141141144       -1.8866283653651998E-002
   4.1201201201201201       -1.8493595185760686E-002
   4.1261261261261257       -1.8127829347052184E-002
   4.1321321321321323       -1.7768866890207291E-002
   4.1381381381381379       -1.7416590429810280E-002
   4.1441441441441444       -1.7070884417142995E-002
   4.1501501501501501       -1.6731635115243254E-002
   4.1561561561561557       -1.6398730574224581E-002
   4.1621621621621623       -1.6072060606857952E-002
   4.1681681681681679       -1.5751516764413231E-002
   4.1741741741741745       -1.5436992312759176E-002
   4.1801801801801801       -1.5128382208721803E-002
   4.1861861861861858       -1.4825583076698255E-002
   4.1921921921921923       -1.4528493185525949E-002
   4.1981981981981980       -1.4237012425605860E-002
   4.2042042042042045       -1.3951042286277228E-002
   4.2102102102102101       -1.3670485833444069E-002
   4.2162162162162158       -1.3395247687450413E-002
   4.2222222222222223       -1.3125234001204095E-002
   4.2282282282282280       -1.2860352438546900E-002
   4.2342342342342345       -1.2600512152869860E-002
   4.2402402402402402       -1.2345623765971968E-002
   4.2462462462462458       -1.2095599347160988E-002
   4.2522522522522523       -1.1850352392594701E-002
   4.2582582582582580       -1.1609797804861210E-002
   4.2642642642642645       -1.1373851872796062E-002
   4.2702702702702702       -1.1142432251535550E-002
   4.2762762762762758       -1.0915457942803537E-002
   4.2822822822822824       -1.0692849275431160E-002
   4.2882882882882880       -1.0474527886106961E-002
   4.2942942942942945       -1.0260416700355910E-002
   4.3003003003003002       -1.0050439913746290E-002
   4.3063063063063058       -9.8445229733216226E-003
   4.3123123123123124       -9.6425925592570540E-003
   4.3183183183183180       -9.4445765667377241E-003
   4.3243243243243246       -9.2504040880574869E-003
   4.3303303303303302       -9.0600053949368622E-003
   4.3363363363363359       -8.8733119210573502E-003
   4.3423423423423424       -8.6902562448115429E-003
   4.3483483483483480       -8.5107720722664947E-003
   4.3543543543543546       -8.3347942203387017E-003
   4.3603603603603602       -8.1622586001793354E-003
   4.3663663663663668       -7.9931022007672988E-003
   4.3723723723723724       -7.8272630727089457E-003
   4.3783783783783781       -7.6646803122422912E-003
   4.3843843843843846       -7.5052940454439204E-003
   4.3903903903903903       -7.3490454126372952E-003
   4.3963963963963968       -7.1958765529997618E-003
   4.4024024024024024       -7.0457305893675080E-003
   4.4084084084084081       -6.8985516132357592E-003
   4.4144144144144146       -6.7542846699531244E-003
   4.4204204204204203       -6.6128757441078663E-003
   4.4264264264264268       -6.4742717451043786E-003
   4.4324324324324325       -6.3384204929283153E-003
   4.4384384384384381       -6.2052707040981970E-003
   4.4444444444444446       -6.0747719778020759E-003
   4.4504504504504503       -5.9468747822172801E-003
   4.4564564564564568       -5.8215304410113178E-003
   4.4624624624624625       -5.6986911200226920E-003
   4.4684684684684681       -5.5783098141190569E-003
   4.4744744744744747       -5.4603403342316902E-003
   4.4804804804804803       -5.3447372945641773E-003
   4.4864864864864868       -5.2314560999733601E-003
   4.4924924924924925       -5.1204529335212873E-003
   4.4984984984984981       -5.0116847441959086E-003
   4.5045045045045047       -4.9051092347991068E-003
   4.5105105105105103       -4.8006848500003014E-003
   4.5165165165165169       -4.6983707645535302E-003
   4.5225225225225225       -4.5981268716769556E-003
   4.5285285285285282       -4.4999137715923199E-003
   4.5345345345345347       -4.4036927602231898E-003
   4.5405405405405403       -4.3094258180501280E-003
   4.5465465465465469       -4.2170755991209619E-003
   4.5525525525525525       -4.1266054202146836E-003
   4.5585585585585582       -4.0379792501570319E-003
   4.5645645645645647       -3.9511616992864013E-003
   4.5705705705705704       -3.8661180090682513E-003
   4.5765765765765769       -3.7828140418561880E-003
   4.5825825825825826       -3.7012162707985119E-003
   4.5885885885885882       -3.6212917698880908E-003
   4.5945945945945947       -3.5430082041543976E-003
   4.6006006006006004       -3.4663338199957890E-003
   4.6066066066066069       -3.3912374356504277E-003
   4.6126126126126126       -3.3176884318045362E-003
   4.6186186186186182       -3.2456567423360147E-003
   4.6246246246246248       -3.1751128451920768E-003
   4.6306306306306304       -3.1060277533994634E-003
   4.6366366366366369       -3.0383730062051553E-003
   4.6426426426426426       -2.9721206603467846E-003
   4.6486486486486482       -2.9072432814505212E-003
   4.6546546546546548       -2.8437139355553761E-003
   4.6606606606606604       -2.7815061807621930E-003
   4.6666666666666670       -2.7205940590058395E-003
   4.6726726726726726       -2.6609520879492484E-003
   4.6786786786786783       -2.6025552529976475E-003
   4.6846846846846848       -2.5453789994315406E-003
   4.6906906906906904       -2.4893992246572535E-003
   4.6966966966966970       -2.4345922705730858E-003
   4.7027027027027026       -2.3809349160502091E-003
   4.7087087087087083       -2.3284043695263965E-003
   4.7147147147147148       -2.2769782617115099E-003
   4.7207207207207205       -2.2266346384032273E-003
   4.7267267267267270       -2.1773519534115425E-003
   4.7327327327327327       -2.1291090615908354E-003
   4.7387387387387383       -2.0818852119779442E-003
   4.7447447447447448       -2.0356600410351331E-003
   4.7507507507507505       -1.9904135659963790E-003
   4.7567567567567570       -1.9461261783157743E-003
   4.7627627627627627       -1.9027786372167604E-003
   4.7687687687687683       -1.8603520633407125E-003
   4.7747747747747749       -1.8188279324938543E-003
   4.7807807807807805       -1.7781880694909536E-003
   4.7867867867867870       -1.7384146420946938E-003
   4.7927927927927927       -1.6994901550494320E-003
   4.7987987987987983       -1.6613974442080291E-003
   4.8048048048048049       -1.6241196707506250E-003
   4.8108108108108105       -1.5876403154940696E-003
   4.8168168168168171       -1.5519431732907805E-003
   4.8228228228228227       -1.5170123475159367E-003
   4.8288288288288284       -1.4828322446416543E-003
   4.8348348348348349       -1.4493875688971203E-003
   4.8408408408408405       -1.4166633170135023E-003
   4.8468468468468471       -1.3846447730523181E-003
   4.8528528528528527       -1.3533175033163870E-003
   4.8588588588588584       -1.3226673513420197E-003
   4.8648648648648649       -1.2926804329714231E-003
   4.8708708708708706       -1.2633431315042444E-003
   4.8768768768768771       -1.2346420929270389E-003
   4.8828828828828827       -1.2065642212197541E-003
   4.8888888888888893       -1.1790966737379675E-003
   4.8948948948948949       -1.1522268566700128E-003
   4.9009009009009006       -1.1259424205677623E-003
   4.9069069069069071       -1.1002312559501824E-003
   4.9129129129129128       -1.0750814889785448E-003
   4.9189189189189193       -1.0504814772022922E-003
   4.9249249249249250       -1.0264198053746159E-003
   4.9309309309309306       -1.0028852813366467E-003
   4.9369369369369371       -9.7986693196938039E-004
   4.9429429429429428       -9.5735399921234804E-004
   4.9489489489489493       -9.3533593614795931E-004
   4.9549549549549550       -9.1380240315079022E-004
   4.9609609609609606       -8.9274326410063772E-004
   4.9669669669669672       -8.7214858265859466E-004
   4.9729729729729728       -8.5200861860514402E-004
   4.9789789789789793       -8.3231382423938139E-004
   4.9849849849849850       -8.1305484083847948E-004
   4.9909909909909906       -7.9422249517651299E-004
   4.9969969969969972       -7.7580779610174355E-004
   5.0030030030030028       -7.5780193117156065E-004
   5.0090090090090094       -7.4019626334413983E-004
   5.0150150150150150       -7.2298232772607116E-004
   5.0210210210210207       -7.0615182837502181E-004
   5.0270270270270272       -6.8969663515672122E-004
   5.0330330330330328       -6.7360878065535906E-004
   5.0390390390390394       -6.5788045713665558E-004
   5.0450450450450450       -6.4250401356278524E-004
   5.0510510510510507       -6.2747195265836170E-004
   5.0570570570570572       -6.1277692802674778E-004
   5.0630630630630629       -5.9841174131589428E-004
   5.0690690690690694       -5.8436933943295142E-004
   5.0750750750750750       -5.7064281180693515E-004
   5.0810810810810807       -5.5722538769868604E-004
   5.0870870870870872       -5.4411043355740948E-004
   5.0930930930930929       -5.3129145042309371E-004
   5.0990990990990994       -5.1876207137403166E-004
   5.1051051051051051       -5.0651605901886514E-004
   5.1111111111111107       -4.9454730303233677E-004
   5.1171171171171173       -4.8284981773415468E-004
   5.1231231231231229       -4.7141773971027379E-004
   5.1291291291291294       -4.6024532547589485E-004
   5.1351351351351351       -4.4932694917960351E-004
   5.1411411411411407       -4.3865710034792437E-004
   5.1471471471471473       -4.2823038166969404E-004
   5.1531531531531529       -4.1804150681963733E-004
   5.1591591591591595       -4.0808529832047806E-004
   5.1651651651651651       -3.9835668544302292E-004
   5.1711711711711708       -3.8885070214358144E-004
   5.1771771771771773       -3.7956248503814068E-004
   5.1831831831831829       -3.7048727141270478E-004
   5.1891891891891895       -3.6162039726921860E-004
   5.1951951951951951       -3.5295729540650225E-004
   5.2012012012012008       -3.4449349353563361E-004
   5.2072072072072073       -3.3622461242922402E-004
   5.2132132132132130       -3.2814636410404430E-004
   5.2192192192192195       -3.2025455003644013E-004
   5.2252252252252251       -3.1254505941003273E-004
   5.2312312312312308       -3.0501386739514370E-004
   5.2372372372372373       -2.9765703345946279E-004
   5.2432432432432430       -2.9047069970942335E-004
   5.2492492492492495       -2.8345108926177966E-004
   5.2552552552552552       -2.7659450464490617E-004
   5.2612612612612608       -2.6989732622931278E-004
   5.2672672672672673       -2.6335601068690125E-004
   5.2732732732732730       -2.5696708947848943E-004
   5.2792792792792795       -2.5072716736911343E-004
   5.2852852852852852       -2.4463292097068459E-004
   5.2912912912912908       -2.3868109731150068E-004
   5.2972972972972974       -2.3286851243219201E-004
   5.3033033033033030       -2.2719205000765538E-004
   5.3093093093093096       -2.2164865999451907E-004
   5.3153153153153152       -2.1623535730374492E-004
   5.3213213213213209       -2.1094922049790787E-004
   5.3273273273273274       -2.0578739051275432E-004
   5.3333333333333330       -2.0074706940263729E-004
   5.3393393393393396       -1.9582551910938658E-004
   5.3453453453453452       -1.9102006025426520E-004
   5.3513513513513509       -1.8632807095257453E-004
   5.3573573573573574       -1.8174698565054314E-004
   5.3633633633633631       -1.7727429398412187E-004
   5.3693693693693696       -1.7290753965928940E-004
   5.3753753753753752       -1.6864431935351352E-004
   5.3813813813813809       -1.6448228163800337E-004
   5.3873873873873874       -1.6041912592038631E-004
   5.3933933933933931       -1.5645260140745897E-004
   5.3993993993993996       -1.5258050608766874E-004
   5.4054054054054053       -1.4880068573297272E-004
   5.4114114114114118       -1.4511103291974653E-004
   5.4174174174174174       -1.4150948606840938E-004
   5.4234234234234231       -1.3799402850142678E-004
   5.4294294294294296       -1.3456268751938440E-004
   5.4354354354354353       -1.3121353349480883E-004
   5.4414414414414418       -1.2794467898341461E-004
   5.4474474474474475       -1.2475427785249156E-004
   5.4534534534534531       -1.2164052442610241E-004
   5.4594594594594597       -1.1860165264681508E-004
   5.4654654654654653       -1.1563593525366973E-004
   5.4714714714714718       -1.1274168297608191E-004
   5.4774774774774775       -1.0991724374341629E-004
   5.4834834834834831       -1.0716100190993415E-004
   5.4894894894894897       -1.0447137749485021E-004
   5.4954954954954953       -1.0184682543722697E-004
   5.5015015015015019       -9.9285834865431598E-005
   5.5075075075075075       -9.6786928380907596E-005
   5.5135135135135132       -9.4348661355989584E-005
   5.5195195195195197       -9.1969621245517120E-005
   5.5255255255255253       -8.9648426911992227E-005
   5.5315315315315319       -8.7383727964038184E-005
   5.5375375375375375       -8.5174204107918292E-005
   5.5435435435435432       -8.3018564511870609E-005
   5.5495495495495497       -8.0915547183037399E-005
   5.5555555555555554       -7.8863918356745068E-005
   5.5615615615615619       -7.6862471897918769E-005
   5.5675675675675675       -7.4910028714406151E-005
   5.5735735735735732       -7.3005436181986996E-005
   5.5795795795795797       -7.1147567580861639E-005
   5.5855855855855854       -6.9335321543402431E-005
   5.5915915915915919       -6.7567621512954138E-005
   5.5975975975975976       -6.5843415213494581E-005
   5.6036036036036032       -6.4161674129934273E-005
   5.6096096096096097       -6.2521392998873292E-005
   5.6156156156156154       -6.0921589309615668E-005
   5.6216216216216219       -5.9361302815242462E-005
   5.6276276276276276       -5.7839595053570586E-005
   5.6336336336336332       -5.6355548877797391E-005
   5.6396396396396398       -5.4908267996659915E-005
   5.6456456456456454       -5.3496876523924810E-005
   5.6516516516516520       -5.2120518537034521E-005
   5.6576576576576576       -5.0778357644737943E-005
   5.6636636636636633       -4.9469576563535139E-005
   5.6696696696696698       -4.8193376702767705E-005
   5.6756756756756754       -4.6948977758196692E-005
   5.6816816816816820       -4.5735617313898019E-005
   5.6876876876876876       -4.4552550452325285E-005
   5.6936936936936933       -4.3399049372379925E-005
   5.6996996996996998       -4.2274403015336248E-005
   5.7057057057057055       -4.1177916698474307E-005
   5.7117117117117120       -4.0108911756267344E-005
   5.7177177177177176       -3.9066725188984399E-005
   5.7237237237237233       -3.8050709318561654E-005
   5.7297297297297298       -3.7060231451604960E-005
   5.7357357357357355       -3.6094673549384876E-005
   5.7417417417417420       -3.5153431904688236E-005
   5.7477477477477477       -3.4235916825396533E-005
   5.7537537537537533       -3.3341552324655851E-005
   5.7597597597597598       -3.2469775817515940E-005
   5.7657657657657655       -3.1620037823908623E-005
   5.7717717717717720       -3.0791801677841140E-005
   5.7777777777777777       -2.9984543242689754E-005
   5.7837837837837833       -2.9197750632463838E-005
   5.7897897897897899       -2.8430923938933923E-005
   5.7957957957957955       -2.7683574964501722E-005
   5.8018018018018020       -2.6955226960701174E-005
   5.8078078078078077       -2.6245414372222021E-005
   5.8138138138138133       -2.5553682586342325E-005
   5.8198198198198199       -2.4879587687667390E-005
   5.8258258258258255       -2.4222696218068304E-005
   5.8318318318318321       -2.3582584941715970E-005
   5.8378378378378377       -2.2958840615112040E-005
   5.8438438438438434       -2.2351059762014886E-005
   5.8498498498498499       -2.1758848453164121E-005
   5.8558558558558556       -2.1181822090709352E-005
   5.8618618618618621       -2.0619605197245776E-005
   5.8678678678678677       -2.0071831209367799E-005
   5.8738738738738734       -1.9538142275648069E-005
   5.8798798798798799       -1.9018189058953873E-005
   5.8858858858858856       -1.8511630543013483E-005
   5.8918918918918921       -1.8018133843146350E-005
   5.8978978978978978       -1.7537374021074384E-005
   5.9039039039039043       -1.7069033903729706E-005
   5.9099099099099099       -1.6612803905980873E-005
   5.9159159159159156       -1.6168381857194911E-005
   5.9219219219219221       -1.5735472831559941E-005
   5.9279279279279278       -1.5313788982090466E-005
   5.9339339339339343       -1.4903049378240193E-005
   5.9399399399399400       -1.4502979847050023E-005
   5.9459459459459456       -1.4113312817757482E-005
   5.9519519519519521       -1.3733787169797261E-005
   5.9579579579579578       -1.3364148084124516E-005
   5.9639639639639643       -1.3004146897790262E-005
   5.9699699699699700       -1.2653540961704086E-005
   5.9759759759759756       -1.2312093501518189E-005
   5.9819819819819822       -1.1979573481566602E-005
   5.9879879879879878       -1.1655755471799547E-005
   5.9939939939939944       -1.1340419517647703E-005
   6.0000000000000000       -1.1033351012758105E-005
