   0.0000000000000000        122.44293207170178     
   6.0000000000000001E-003   122.41216730447138     
   1.2000000000000000E-002   122.36161163426078     
   1.8000000000000002E-002   122.29088324999481     
   2.4000000000000000E-002   122.19853759527727     
   2.9999999999999999E-002   122.08260554289664     
   3.6000000000000004E-002   121.94184368674128     
   4.2000000000000003E-002   121.77640738194400     
   4.8000000000000001E-002   121.59093502833281     
   5.3999999999999999E-002   121.38902592169728     
   5.9999999999999998E-002   121.16861996804542     
   6.6000000000000003E-002   120.92649929159144     
   7.2000000000000008E-002   120.65922123410793     
   7.8000000000000000E-002   120.36876005452625     
   8.4000000000000005E-002   120.06213309417524     
   8.9999999999999997E-002   119.73700497688526     
   9.6000000000000002E-002   119.38592795604255     
  0.10200000000000001        119.01271792760002     
  0.10800000000000000        118.62399967527701     
  0.11400000000000000        118.21643114376333     
  0.12000000000000000        117.78642792503715     
  0.12600000000000000        117.33726155320042     
  0.13200000000000001        116.87134603571148     
  0.13800000000000001        116.38762574021781     
  0.14400000000000002        115.88594888668239     
  0.14999999999999999        115.36736750464027     
  0.15600000000000000        114.83014729222876     
  0.16200000000000001        114.27119927179507     
  0.16800000000000001        113.69321123906491     
  0.17400000000000002        113.10079747776255     
  0.17999999999999999        112.49468129714774     
  0.18600000000000000        111.87388929609506     
  0.19200000000000000        111.23589639951297     
  0.19800000000000001        110.57949445155752     
  0.20400000000000001        109.90644821859665     
  0.20999999999999999        109.21982405238975     
  0.21600000000000000        108.52340940676564     
  0.22200000000000000        107.81422561387107     
  0.22800000000000001        107.08516432729957     
  0.23400000000000001        106.33895159936010     
  0.23999999999999999        105.58202763425419     
  0.24600000000000000        104.81426384945321     
  0.25200000000000000        104.03414578970710     
  0.25800000000000001        103.24232961397803     
  0.26400000000000001        102.43930310273834     
  0.27000000000000002        101.62440826873753     
  0.27600000000000002        100.79697818956055     
  0.28200000000000003        99.956615881018877     
  0.28800000000000003        99.104824089388757     
  0.29399999999999998        98.244371288282153     
  0.29999999999999999        97.375412157271015     
  0.30599999999999999        96.496965928599437     
  0.31200000000000000        95.609550482859220     
  0.31800000000000000        94.713903087960816     
  0.32400000000000001        93.809830499784667     
  0.33000000000000002        92.897224145092281     
  0.33600000000000002        91.976545344392420     
  0.34200000000000003        91.048381333750811     
  0.34800000000000003        90.113369093775873     
  0.35399999999999998        89.171655085898863     
  0.35999999999999999        88.223061956100580     
  0.36599999999999999        87.268477722612715     
  0.37200000000000000        86.309088849632360     
  0.37800000000000000        85.344288366687309     
  0.38400000000000001        84.373315622813891     
  0.39000000000000001        83.397161245532203     
  0.39600000000000002        82.416862708025874     
  0.40200000000000002        81.432703200187007     
  0.40800000000000003        80.444720086032262     
  0.41400000000000003        79.452785742298317     
  0.41999999999999998        78.457607141252396     
  0.42599999999999999        77.460528201123807     
  0.43200000000000000        76.461177008512976     
  0.43800000000000000        75.458505673975807     
  0.44400000000000001        74.453566688099983     
  0.45000000000000001        73.447786310493584     
  0.45600000000000002        72.441002841451251     
  0.46200000000000002        71.432908373009042     
  0.46800000000000003        70.423736070461274     
  0.47400000000000003        69.414157248597789     
  0.47999999999999998        68.405343831844121     
  0.48599999999999999        67.397504131604762     
  0.49199999999999999        66.389935562100817     
  0.49800000000000000        65.382772505103901     
  0.50400000000000000        64.376699941369935     
  0.51000000000000001        63.372344313622264     
  0.51600000000000001        62.370173095826544     
  0.52200000000000002        61.370128478820007     
  0.52800000000000002        60.372360164469839     
  0.53400000000000003        59.377871023234185     
  0.54000000000000004        58.387067356321332     
  0.54600000000000004        57.399227602524853     
  0.55200000000000005        56.414419849637000     
  0.55800000000000005        55.433605015528514     
  0.56400000000000006        54.457335305186838     
  0.57000000000000006        53.485829161236538     
  0.57600000000000007        52.519107294078324     
  0.58199999999999996        51.557267956885525     
  0.58799999999999997        50.601104834464834     
  0.59399999999999997        49.651260009819495     
  0.59999999999999998        48.707482253715511     
  0.60599999999999998        47.769680331189093     
  0.61199999999999999        46.838263023734058     
  0.61799999999999999        45.913511004346717     
  0.62400000000000000        44.995526772731289     
  0.63000000000000000        44.084437834869867     
  0.63600000000000001        43.180489650821890     
  0.64200000000000002        42.284591792318771     
  0.64800000000000002        41.397539479397707     
  0.65400000000000003        40.518219097276813     
  0.66000000000000003        39.645725492541594     
  0.66600000000000004        38.781301639980207     
  0.67200000000000004        37.925853609377214     
  0.67800000000000005        37.079012606391672     
  0.68400000000000005        36.240697669248540     
  0.69000000000000006        35.411323700763788     
  0.69600000000000006        34.591490833479803     
  0.70200000000000007        33.781779924909401     
  0.70799999999999996        32.981674832953800     
  0.71399999999999997        32.190386797558148     
  0.71999999999999997        31.408438001230486     
  0.72599999999999998        30.636472835751892     
  0.73199999999999998        29.874285766044782     
  0.73799999999999999        29.121803027441615     
  0.74399999999999999        28.379503009503892     
  0.75000000000000000        27.647395095757808     
  0.75600000000000001        26.924876215567366     
  0.76200000000000001        26.212102358046295     
  0.76800000000000002        25.509786354632912     
  0.77400000000000002        24.817913037051959     
  0.78000000000000003        24.136113342574813     
  0.78600000000000003        23.464168228374568     
  0.79200000000000004        22.802164923711707     
  0.79800000000000004        22.151005467022905     
  0.80400000000000005        21.511071891616020     
  0.81000000000000005        20.881383444074189     
  0.81600000000000006        20.261508106616347     
  0.82200000000000006        19.651938808119567     
  0.82800000000000007        19.052889610801021     
  0.83399999999999996        18.464270496784742     
  0.83999999999999997        17.885909731939698     
  0.84599999999999997        17.317618055626156     
  0.85199999999999998        16.759321979752816     
  0.85799999999999998        16.211037422446431     
  0.86399999999999999        15.672974146536426     
  0.87000000000000000        15.145079872703354     
  0.87600000000000000        14.626659562227623     
  0.88200000000000001        14.117614350575497     
  0.88800000000000001        13.618747633171044     
  0.89400000000000002        13.129990414350639     
  0.90000000000000002        12.650528313194950     
  0.90600000000000003        12.180648234943176     
  0.91200000000000003        11.721065528716935     
  0.91800000000000004        11.271116309244883     
  0.92400000000000004        10.829900716579459     
  0.93000000000000005        10.397553192453909     
  0.93600000000000005        9.9743022973956457     
  0.94200000000000006        9.5600493925822239     
  0.94800000000000006        9.1546353455055858     
  0.95400000000000007        8.7578850405489668     
  0.95999999999999996        8.3697616435535256     
  0.96599999999999997        7.9903313142766805     
  0.97199999999999998        7.6193073678281591     
  0.97799999999999998        7.2562553765044981     
  0.98399999999999999        6.9011444091136527     
  0.98999999999999999        6.5540502535390122     
  0.99600000000000000        6.2148444780910594     
   1.0020000000000000        5.8832073813700720     
   1.0080000000000000        5.5585014583935095     
   1.0140000000000000        5.2411522478482926     
   1.0200000000000000        4.9331868265244889     
   1.0260000000000000        4.6338784720658239     
   1.0320000000000000        4.3398665276177955     
   1.0380000000000000        4.0510253918779373     
   1.0440000000000000        3.7692399221837989     
   1.0500000000000000        3.4946201109664123     
   1.0560000000000000        3.2265416116502399     
   1.0620000000000001        2.9645825550143812     
   1.0680000000000001        2.7088614966153264     
   1.0740000000000001        2.4607257566403669     
   1.0800000000000001        2.2200928889743761     
   1.0860000000000001        1.9843251793912253     
   1.0920000000000001        1.7527358058303366     
   1.0980000000000001        1.5269214411331546     
   1.1040000000000001        1.3069764414989886     
   1.1100000000000001        1.0920747498826451     
   1.1160000000000001       0.88303850244940119     
   1.1220000000000001       0.68082800310603453     
   1.1280000000000001       0.48369219036949396     
   1.1340000000000001       0.29003272635243604     
   1.1400000000000001       0.10080150970819801     
   1.1460000000000001       -8.3217386870076293E-002
   1.1520000000000001      -0.26232927384934746     
   1.1579999999999999      -0.43691064487021825     
   1.1639999999999999      -0.60722680239779292     
   1.1699999999999999      -0.77278645545123137     
   1.1759999999999999      -0.93279402665200761     
   1.1819999999999999       -1.0883403691574483     
   1.1879999999999999       -1.2409734573168496     
   1.1940000000000000       -1.3901239467254722     
   1.2000000000000000       -1.5350036590310392     
   1.2060000000000000       -1.6760886491431979     
   1.2120000000000000       -1.8135409879947941     
   1.2180000000000000       -1.9465349111093175     
   1.2240000000000000       -2.0752149383958924     
   1.2300000000000000       -2.2009578700443639     
   1.2360000000000000       -2.3239673810677028     
   1.2420000000000000       -2.4435166085159592     
   1.2480000000000000       -2.5594902115995826     
   1.2540000000000000       -2.6721078575617767     
   1.2600000000000000       -2.7816125047841065     
   1.2660000000000000       -2.8880464941603758     
   1.2720000000000000       -2.9908104846798071     
   1.2780000000000000       -3.0898209963217744     
   1.2840000000000000       -3.1862182223523248     
   1.2900000000000000       -3.2804262462334641     
   1.2960000000000000       -3.3717888313393853     
   1.3020000000000000       -3.4601816133113963     
   1.3080000000000001       -3.5459279157607653     
   1.3140000000000001       -3.6287928815614658     
   1.3200000000000001       -3.7084132379763952     
   1.3260000000000001       -3.7854014113271566     
   1.3320000000000001       -3.8604156176357529     
   1.3380000000000001       -3.9331342888952210     
   1.3440000000000001       -4.0032288339854780     
   1.3500000000000001       -4.0708317047222113     
   1.3560000000000001       -4.1360840876767915     
   1.3620000000000001       -4.1990477743226444     
   1.3680000000000001       -4.2596118955415214     
   1.3740000000000001       -4.3175708177346763     
   1.3800000000000001       -4.3732227162951087     
   1.3860000000000001       -4.4270571779028298     
   1.3920000000000001       -4.4789977733637256     
   1.3980000000000001       -4.5288267503048445     
   1.4040000000000001       -4.5765936751458787     
   1.4099999999999999       -4.6223907047328527     
   1.4159999999999999       -4.6662665773858798     
   1.4219999999999999       -4.7081705782143128     
   1.4279999999999999       -4.7479351814556683     
   1.4339999999999999       -4.7856941151738255     
   1.4399999999999999       -4.8218325144420211     
   1.4460000000000000       -4.8563703793989692     
   1.4520000000000000       -4.8891257623418287     
   1.4580000000000000       -4.9201021112513761     
   1.4640000000000000       -4.9493466135648401     
   1.4700000000000000       -4.9767934194089278     
   1.4760000000000000       -5.0024559875173704     
   1.4820000000000000       -5.0265926949986905     
   1.4880000000000000       -5.0493173700758351     
   1.4940000000000000       -5.0704710910902913     
   1.5000000000000000       -5.0900204126988884     
   1.5060000000000000       -5.1080746513206972     
   1.5120000000000000       -5.1246752048152802     
   1.5180000000000000       -5.1398148446413998     
   1.5240000000000000       -5.1535000000000002     
   1.5300000000000000       -5.1657549170324124     
   1.5360000000000000       -5.1766510564839896     
   1.5420000000000000       -5.1862582328303013     
   1.5480000000000000       -5.1946109021304574     
   1.5540000000000000       -5.2017200078139778     
   1.5600000000000001       -5.2075687842280365     
   1.5660000000000001       -5.2121729615212837     
   1.5720000000000001       -5.2155857689277418     
   1.5780000000000001       -5.2178717749552295     
   1.5840000000000001       -5.2190903648353535     
   1.5900000000000001       -5.2192154167411022     
   1.5960000000000001       -5.2182116647835759     
   1.6020000000000001       -5.2161729831086223     
   1.6080000000000001       -5.2131820937495466     
   1.6140000000000001       -5.2091967527758278     
   1.6200000000000001       -5.2042207024574836     
   1.6260000000000001       -5.1983621885996554     
   1.6320000000000001       -5.1916320648819765     
   1.6380000000000001       -5.1839368162292079     
   1.6440000000000001       -5.1752897080592213     
   1.6500000000000001       -5.1657794364090979     
   1.6560000000000001       -5.1554387352967694     
   1.6620000000000001       -5.1442830340988639     
   1.6679999999999999       -5.1323742447764040     
   1.6739999999999999       -5.1197503657144869     
   1.6799999999999999       -5.1063437603790920     
   1.6859999999999999       -5.0921135660768986     
   1.6919999999999999       -5.0771032154353284     
   1.6980000000000000       -5.0613753403185777     
   1.7040000000000000       -5.0449997990320048     
   1.7100000000000000       -5.0279730417887336     
   1.7160000000000000       -5.0102521756335854     
   1.7220000000000000       -4.9919378491336825     
   1.7280000000000000       -4.9731501178447850     
   1.7340000000000000       -4.9537554732092417     
   1.7400000000000000       -4.9336211452347829     
   1.7460000000000000       -4.9128590720623331     
   1.7520000000000000       -4.8915689789999925     
   1.7580000000000000       -4.8697360895594866     
   1.7640000000000000       -4.8474116463767078     
   1.7700000000000000       -4.8247333532951409     
   1.7760000000000000       -4.8016501952966140     
   1.7820000000000000       -4.7779783390090422     
   1.7880000000000000       -4.7537480617592696     
   1.7940000000000000       -4.7290871865894264     
   1.8000000000000000       -4.7040154257755695     
   1.8060000000000000       -4.6785225027626591     
   1.8120000000000001       -4.6526207681453702     
   1.8180000000000001       -4.6263663219707647     
   1.8240000000000001       -4.5998901645774328     
   1.8300000000000001       -4.5731679111253962     
   1.8360000000000001       -4.5459739398201204     
   1.8420000000000001       -4.5183011173583685     
   1.8480000000000001       -4.4903231414548124     
   1.8540000000000001       -4.4620273583899497     
   1.8600000000000001       -4.4333407544425789     
   1.8660000000000001       -4.4044554188015335     
   1.8720000000000001       -4.3755342162333353     
   1.8780000000000001       -4.3463162739738763     
   1.8840000000000001       -4.3166056056447033     
   1.8900000000000001       -4.2865527315953953     
   1.8960000000000001       -4.2562871309583663     
   1.9020000000000001       -4.2258380697510791     
   1.9080000000000001       -4.1951622411771510     
   1.9140000000000001       -4.1641798565802315     
   1.9199999999999999       -4.1330466296272395     
   1.9259999999999999       -4.1019848331406328     
   1.9319999999999999       -4.0707765956266142     
   1.9379999999999999       -4.0391486227975513     
   1.9440000000000000       -4.0072394377844445     
   1.9500000000000000       -3.9752045153456192     
   1.9560000000000000       -3.9430120173346541     
   1.9620000000000000       -3.9107031519453077     
   1.9680000000000000       -3.8784525299561654     
   1.9740000000000000       -3.8462010236673496     
   1.9800000000000000       -3.8136784662501748     
   1.9860000000000000       -3.7808808600255008     
   1.9920000000000000       -3.7479673591905422     
   1.9980000000000000       -3.7149999999999999     
   2.0040000000000000       -3.6819853988482958     
   2.0100000000000002       -3.6488714433771654     
   2.0160000000000000       -3.6156734311264103     
   2.0220000000000002       -3.5826044577379732     
   2.0280000000000000       -3.5496739910198012     
   2.0340000000000003       -3.5165422150892485     
   2.0400000000000000       -3.4831756256267985     
   2.0460000000000003       -3.4498673206196564     
   2.0520000000000000       -3.4166092774385537     
   2.0579999999999998       -3.3832336774547356     
   2.0640000000000001       -3.3499517653529676     
   2.0699999999999998       -3.3170083896756548     
   2.0760000000000001       -3.2840978412008570     
   2.0819999999999999       -3.2509460193645494     
   2.0880000000000001       -3.2177541699107768     
   2.0939999999999999       -3.1846896914372302     
   2.1000000000000001       -3.1517283359546080     
   2.1059999999999999       -3.1188419915429773     
   2.1120000000000001       -3.0860267738507394     
   2.1179999999999999       -3.0533897864398614     
   2.1240000000000001       -3.0210736251851147     
   2.1299999999999999       -2.9889097275674832     
   2.1360000000000001       -2.9566642852015619     
   2.1419999999999999       -2.9244501598597106     
   2.1480000000000001       -2.8924269830994604     
   2.1539999999999999       -2.8606018867075127     
   2.1600000000000001       -2.8289498513066866     
   2.1659999999999999       -2.7974318506543434     
   2.1720000000000002       -2.7661125213489322     
   2.1779999999999999       -2.7351684335071731     
   2.1840000000000002       -2.7045315128114442     
   2.1899999999999999       -2.6739772198082274     
   2.1960000000000002       -2.6435232942872862     
   2.2020000000000000       -2.6132908921237332     
   2.2080000000000002       -2.5833140314867302     
   2.2140000000000000       -2.5536256149093131     
   2.2200000000000002       -2.5243339353478933     
   2.2260000000000000       -2.4954458672469584     
   2.2320000000000002       -2.4667590179299186     
   2.2380000000000000       -2.4382156182073991     
   2.2440000000000002       -2.4099595389995194     
   2.2500000000000000       -2.3820348259699955     
   2.2560000000000002       -2.3544002628264078     
   2.2620000000000000       -2.3270635664618213     
   2.2680000000000002       -2.3000674067625066     
   2.2740000000000000       -2.2735058706340729     
   2.2800000000000002       -2.2474140623149972     
   2.2860000000000000       -2.2215831918329068     
   2.2920000000000003       -2.1958901130047277     
   2.2980000000000000       -2.1704797261633506     
   2.3040000000000003       -2.1453977883111870     
   2.3100000000000001       -2.1205310999253055     
   2.3159999999999998       -2.0959662131868253     
   2.3220000000000001       -2.0719255234251994     
   2.3279999999999998       -2.0482541698649692     
   2.3340000000000001       -2.0246593543861762     
   2.3399999999999999       -2.0012365387503031     
   2.3460000000000001       -1.9781583619835179     
   2.3519999999999999       -1.9553887823299743     
   2.3580000000000001       -1.9328687941154645     
   2.3639999999999999       -1.9105868310388221     
   2.3700000000000001       -1.8885835124417527     
   2.3759999999999999       -1.8669533900388693     
   2.3820000000000001       -1.8456516078621137     
   2.3879999999999999       -1.8245245962304546     
   2.3940000000000001       -1.8035747564290880     
   2.3999999999999999       -1.7828814417032524     
   2.4060000000000001       -1.7624210853086764     
   2.4119999999999999       -1.7421706733192193     
   2.4180000000000001       -1.7222488115426668     
   2.4239999999999999       -1.7026989041171303     
   2.4300000000000002       -1.6833273645912263     
   2.4359999999999999       -1.6640489596846573     
   2.4420000000000002       -1.6449835056522510     
   2.4480000000000000       -1.6261937413507683     
   2.4540000000000002       -1.6076672306046138     
   2.4600000000000000       -1.5893382728224277     
   2.4660000000000002       -1.5711410610556857     
   2.4720000000000000       -1.5532042923019107     
   2.4780000000000002       -1.5356531416891084     
   2.4840000000000000       -1.5183150671881029     
   2.4900000000000002       -1.5010419463475277     
   2.4960000000000000       -1.4839128807565904     
   2.5020000000000002       -1.4669896401110682     
   2.5080000000000000       -1.4502564335089025     
   2.5140000000000002       -1.4337422443990619     
   2.5200000000000000       -1.4175163438668243     
   2.5260000000000002       -1.4015192862885768     
   2.5320000000000000       -1.3856277550057197     
   2.5380000000000003       -1.3698612533481671     
   2.5440000000000000       -1.3542859588480338     
   2.5500000000000003       -1.3389046014296708     
   2.5560000000000000       -1.3237002530285658     
   2.5619999999999998       -1.3086493717593275     
   2.5680000000000001       -1.2937780089579367     
   2.5739999999999998       -1.2791886151714578     
   2.5800000000000001       -1.2648399112159390     
   2.5859999999999999       -1.2505476600082450     
   2.5920000000000001       -1.2363231980027114     
   2.5979999999999999       -1.2223004445925800     
   2.6040000000000001       -1.2084592979300428     
   2.6099999999999999       -1.1947391797373315     
   2.6160000000000001       -1.1812111605818065     
   2.6219999999999999       -1.1679263127296671     
   2.6280000000000001       -1.1547838398490673     
   2.6339999999999999       -1.1417251200788745     
   2.6400000000000001       -1.1288097628654712     
   2.6459999999999999       -1.1160554967101213     
   2.6520000000000001       -1.1034209549363323     
   2.6579999999999999       -1.0908972067300542     
   2.6640000000000001       -1.0785059917346369     
   2.6699999999999999       -1.0663038435955348     
   2.6760000000000002       -1.0543361503203412     
   2.6819999999999999       -1.0425221988678472     
   2.6880000000000002       -1.0307741753048405     
   2.6940000000000000       -1.0190923768736566     
   2.7000000000000002       -1.0075053765732240     
   2.7060000000000000      -0.99606173483143112     
   2.7120000000000002      -0.98479460569550925     
   2.7180000000000000      -0.97371249703982454     
   2.7240000000000002      -0.96276617688031074     
   2.7300000000000000      -0.95187387447208138     
   2.7360000000000002      -0.94104735235008019     
   2.7420000000000000      -0.93033812539139482     
   2.7480000000000002      -0.91975235924893928     
   2.7540000000000000      -0.90927971907625560     
   2.7600000000000002      -0.89890457159043535     
   2.7660000000000000      -0.88863651858497150     
   2.7720000000000002      -0.87853405795344608     
   2.7780000000000000      -0.86858731128434374     
   2.7840000000000003      -0.85869936221371335     
   2.7900000000000000      -0.84885830138808438     
   2.7960000000000003      -0.83912276601189628     
   2.8020000000000000      -0.82950568248426482     
   2.8080000000000003      -0.81999417086023474     
   2.8140000000000001      -0.81057461699886990     
   2.8199999999999998      -0.80124979456630163     
   2.8260000000000001      -0.79207642030337011     
   2.8319999999999999      -0.78306688960646698     
   2.8380000000000001      -0.77412285251949242     
   2.8439999999999999      -0.76521087210740180     
   2.8500000000000001      -0.75640079816982730     
   2.8559999999999999      -0.74770741285178477     
   2.8620000000000001      -0.73909715710109114     
   2.8679999999999999      -0.73060072093338335     
   2.8740000000000001      -0.72226694824321469     
   2.8799999999999999      -0.71403627167949846     
   2.8860000000000001      -0.70583971683339519     
   2.8919999999999999      -0.69771304727902217     
   2.8980000000000001      -0.68969495026569261     
   2.9039999999999999      -0.68177808722359057     
   2.9100000000000001      -0.67395235040070922     
   2.9159999999999999      -0.66621361669945756     
   2.9220000000000002      -0.65858219672422535     
   2.9279999999999999      -0.65109358491330771     
   2.9340000000000002      -0.64371262757764447     
   2.9399999999999999      -0.63637512376148797     
   2.9460000000000002      -0.62909952227988253     
   2.9520000000000000      -0.62192366941127530     
   2.9580000000000002      -0.61483627968125165     
   2.9640000000000000      -0.60783456861290208     
   2.9700000000000002      -0.60096195123522023     
   2.9760000000000000      -0.59421758592076601     
   2.9820000000000002      -0.58752789469361888     
   2.9880000000000000      -0.58087867579658203     
   2.9940000000000002      -0.57431795418485931     
   3.0000000000000000      -0.56785781033505989     
   3.0060000000000002      -0.56148558356041689     
   3.0120000000000000      -0.55519000000000007     
   3.0180000000000002      -0.54896986125783687     
   3.0240000000000000      -0.54286160218151691     
   3.0300000000000002      -0.53687885843292249     
   3.0360000000000000      -0.53095708189083968     
   3.0420000000000003      -0.52506654541616649     
   3.0480000000000000      -0.51925169206041111     
   3.0540000000000003      -0.51352685309417434     
   3.0600000000000001      -0.50787074885045125     
   3.0660000000000003      -0.50229904031242723     
   3.0720000000000001      -0.49684371815101830     
   3.0779999999999998      -0.49146855644115245     
   3.0840000000000001      -0.48612364165076383     
   3.0899999999999999      -0.48082815332881335     
   3.0960000000000001      -0.47560917356975829     
   3.1019999999999999      -0.47046352276966713     
   3.1080000000000001      -0.46538397708906459     
   3.1139999999999999      -0.46036561921464531     
   3.1200000000000001      -0.45541971702725537     
   3.1259999999999999      -0.45057137428111516     
   3.1320000000000001      -0.44579922998458438     
   3.1379999999999999      -0.44105611386766980     
   3.1440000000000001      -0.43635337571523847     
   3.1499999999999999      -0.43172127944608396     
   3.1560000000000001      -0.42714890436589287     
   3.1619999999999999      -0.42262625083481892     
   3.1680000000000001      -0.41817952533039249     
   3.1739999999999999      -0.41381394614429579     
   3.1800000000000002      -0.40948724440130735     
   3.1859999999999999      -0.40518667964781591     
   3.1920000000000002      -0.40093907982514626     
   3.1980000000000000      -0.39675022729593823     
   3.2040000000000002      -0.39260897092771779     
   3.2100000000000000      -0.38851159580957212     
   3.2160000000000002      -0.38446112316808145     
   3.2220000000000000      -0.38047487499247667     
   3.2280000000000002      -0.37656013072461370     
   3.2340000000000000      -0.37268145216248849     
   3.2400000000000002      -0.36881796199421313     
   3.2460000000000000      -0.36499192206619935     
   3.2520000000000002      -0.36121321388830641     
   3.2580000000000000      -0.35747131281438860     
   3.2640000000000002      -0.35377437632839998     
   3.2700000000000000      -0.35014233601579814     
   3.2760000000000002      -0.34655735175151070     
   3.2820000000000000      -0.34298899145971762     
   3.2880000000000003      -0.33944489121660160     
   3.2940000000000000      -0.33594046510723230     
   3.3000000000000003      -0.33247445923881935     
   3.3060000000000000      -0.32904306804064737     
   3.3120000000000003      -0.32564453735381416     
   3.3180000000000001      -0.32228701735327792     
   3.3240000000000003      -0.31898932302926875     
   3.3300000000000001      -0.31573826551491341     
   3.3359999999999999      -0.31249750657099618     
   3.3420000000000001      -0.30927359508550695     
   3.3479999999999999      -0.30609172988494682     
   3.3540000000000001      -0.30294302956756064     
   3.3599999999999999      -0.29981693378250307     
   3.3660000000000001      -0.29673868454588048     
   3.3719999999999999      -0.29371883743288840     
   3.3780000000000001      -0.29072080763544372     
   3.3839999999999999      -0.28772850873200539     
   3.3900000000000001      -0.28476290022221851     
   3.3959999999999999      -0.28183281342981936     
   3.4020000000000001      -0.27893346746442443     
   3.4079999999999999      -0.27606109934053324     
   3.4140000000000001      -0.27321497346630985     
   3.4199999999999999      -0.27040720352547970     
   3.4260000000000002      -0.26764604121093238     
   3.4319999999999999      -0.26490858159505531     
   3.4380000000000002      -0.26217717481527120     
   3.4440000000000000      -0.25946282977497159     
   3.4500000000000002      -0.25677665471226613     
   3.4560000000000000      -0.25412338044354399     
   3.4620000000000002      -0.25149787194340112     
   3.4680000000000000      -0.24888809080850238     
   3.4740000000000002      -0.24630395051100820     
   3.4800000000000000      -0.24376355572341929     
   3.4860000000000002      -0.24124999999999999     
   3.4920000000000000      -0.23874079726122938     
   3.4980000000000002      -0.23624594017422346     
   3.5040000000000000      -0.23377613584869827     
   3.5100000000000002      -0.23132412259331067     
   3.5160000000000000      -0.22889207311048887     
   3.5220000000000002      -0.22649985124419908     
   3.5280000000000000      -0.22414254470989953     
   3.5340000000000003      -0.22179134346278911     
   3.5400000000000000      -0.21944725921800939     
   3.5460000000000003      -0.21712942848675326     
   3.5520000000000000      -0.21483801259318955     
   3.5580000000000003      -0.21256627934663064     
   3.5640000000000001      -0.21031327043186832     
   3.5700000000000003      -0.20808334084826235     
   3.5760000000000001      -0.20589037755518405     
   3.5820000000000003      -0.20373397732169815     
   3.5880000000000001      -0.20158889615288267     
   3.5939999999999999      -0.19944948290846976     
   3.6000000000000001      -0.19733300598673975     
   3.6059999999999999      -0.19524465694812076     
   3.6120000000000001      -0.19318128516332092     
   3.6179999999999999      -0.19114720781644304     
   3.6240000000000001      -0.18914686440044448     
   3.6299999999999999      -0.18717014815896704     
   3.6360000000000001      -0.18520720710369198     
   3.6419999999999999      -0.18326024876748406     
   3.6480000000000001      -0.18133556723763439     
   3.6539999999999999      -0.17944252829319310     
   3.6600000000000001      -0.17757937188668457     
   3.6659999999999999      -0.17573276878948696     
   3.6720000000000002      -0.17390971060361687     
   3.6779999999999999      -0.17212864351357651     
   3.6840000000000002      -0.17037647119334653     
   3.6899999999999999      -0.16863219196330903     
   3.6960000000000002      -0.16690936397473111     
   3.7020000000000000      -0.16522239355521753     
   3.7080000000000002      -0.16355696562922306     
   3.7140000000000000      -0.16190831069450673     
   3.7200000000000002      -0.16029852400244871     
   3.7260000000000000      -0.15872871665313323     
   3.7320000000000002      -0.15717311265016842     
   3.7380000000000000      -0.15563100483519376     
   3.7440000000000002      -0.15412091274986189     
   3.7500000000000000      -0.15264215490755059     
   3.7560000000000002      -0.15118565084723226     
   3.7620000000000000      -0.14975140131470815     
   3.7680000000000002      -0.14834361162560245     
   3.7740000000000000      -0.14697037241217381     
   3.7800000000000002      -0.14563228189008715     
   3.7860000000000000      -0.14431418438940929     
   3.7920000000000003      -0.14300950103878493     
   3.7980000000000000      -0.14172488490539822     
   3.8040000000000003      -0.14046290621305324     
   3.8100000000000001      -0.13922264270063572     
   3.8160000000000003      -0.13800948463157914     
   3.8220000000000001      -0.13682936637862003     
   3.8280000000000003      -0.13567247407194796     
   3.8340000000000001      -0.13452751910425559     
   3.8399999999999999      -0.13339628293619865     
   3.8460000000000001      -0.13228382221136331     
   3.8519999999999999      -0.13119650952463283     
   3.8580000000000001      -0.13013340598881332     
   3.8639999999999999      -0.12908407516037351     
   3.8700000000000001      -0.12804912335277741     
   3.8759999999999999      -0.12703832366785944     
   3.8820000000000001      -0.12605040593534253     
   3.8879999999999999      -0.12507825057755703     
   3.8940000000000001      -0.12411816624172203     
   3.8999999999999999      -0.12316904188034507     
   3.9060000000000001      -0.12223447290653160     
   3.9119999999999999      -0.12131871587840858     
   3.9180000000000001      -0.12042499381667451     
   3.9239999999999999      -0.11954992193376290     
   3.9300000000000002      -0.11868162344789321     
   3.9359999999999999      -0.11781977578851992     
   3.9420000000000002      -0.11697453279659913     
   3.9480000000000000      -0.11614392663495574     
   3.9540000000000002      -0.11532007388901584     
   3.9600000000000000      -0.11450657030874307     
   3.9660000000000002      -0.11370955039090486     
   3.9720000000000000      -0.11292763641323617     
   3.9780000000000002      -0.11215781015479817     
   3.9840000000000000      -0.11139743575839309     
   3.9900000000000002      -0.11064432459609630     
   3.9960000000000000      -0.10989698007046535     
   4.0019999999999998      -0.10915554146399467     
   4.0080000000000000      -0.10842183392090188     
   4.0140000000000002      -0.10769910023137358     
   4.0200000000000005      -0.10699038021176858     
   4.0259999999999998      -0.10629160176236752     
   4.0320000000000000      -0.10559710898314931     
   4.0380000000000003      -0.10490676565505166     
   4.0440000000000005      -0.10422245136497768     
   4.0499999999999998      -0.10354743961745236     
   4.0560000000000000      -0.10288187734707457     
   4.0620000000000003      -0.10222077243138106     
   4.0680000000000005      -0.10156595996293216     
   4.0739999999999998      -0.10092585415756024     
   4.0800000000000001      -0.10029594002654088     
   4.0860000000000003       -9.9664781665686333E-002
   4.0920000000000005       -9.9035809623435361E-002
   4.0979999999999999       -9.8416893565044211E-002
   4.1040000000000001       -9.7805793254134132E-002
   4.1100000000000003       -9.7199915691056654E-002
   4.1159999999999997       -9.6603235000270377E-002
   4.1219999999999999       -9.6016607017114147E-002
   4.1280000000000001       -9.5433879356073809E-002
   4.1340000000000003       -9.4853228501516937E-002
   4.1399999999999997       -9.4278340508374386E-002
   4.1459999999999999       -9.3710282801793415E-002
   4.1520000000000001       -9.3148010347736621E-002
   4.1580000000000004       -9.2590743235509698E-002
   4.1639999999999997       -9.2038464881184279E-002
   4.1699999999999999       -9.1493996887572496E-002
   4.1760000000000002       -9.0958680204372477E-002
   4.1820000000000004       -9.0427372660102673E-002
   4.1879999999999997       -8.9897022595065990E-002
   4.1940000000000000       -8.9370541101520998E-002
   4.2000000000000002       -8.8849760868852379E-002
   4.2060000000000004       -8.8334419010080586E-002
   4.2119999999999997       -8.7823653014465056E-002
   4.2180000000000000       -8.7316569852233961E-002
   4.2240000000000002       -8.6815144331660529E-002
   4.2300000000000004       -8.6321574310734700E-002
   4.2359999999999998       -8.5832255457741313E-002
   4.2420000000000000       -8.5343667809932314E-002
   4.2480000000000002       -8.4858048982784137E-002
   4.2540000000000004       -8.4377062180611820E-002
   4.2599999999999998       -8.3899141320491033E-002
   4.2660000000000000       -8.3424775191332887E-002
   4.2720000000000002       -8.2957193233300294E-002
   4.2780000000000005       -8.2495005383640727E-002
   4.2839999999999998       -8.2033502410221656E-002
   4.2900000000000000       -8.1572898869968796E-002
   4.2960000000000003       -8.1115667149347162E-002
   4.3020000000000005       -8.0661842413963264E-002
   4.3079999999999998       -8.0210983726927088E-002
   4.3140000000000001       -7.9762560098077473E-002
   4.3200000000000003       -7.9316986783364324E-002
   4.3260000000000005       -7.8876598107590498E-002
   4.3319999999999999       -7.8440822039999442E-002
   4.3380000000000001       -7.8005214477063836E-002
   4.3440000000000003       -7.7569196434142715E-002
   4.3500000000000005       -7.7135524608188330E-002
   4.3559999999999999       -7.6704233792621840E-002
   4.3620000000000001       -7.6274304557102102E-002
   4.3680000000000003       -7.5847805170982247E-002
   4.3739999999999997       -7.5426283255352986E-002
   4.3799999999999999       -7.5005721428854394E-002
   4.3860000000000001       -7.4583324317391064E-002
   4.3920000000000003       -7.4161673444298637E-002
   4.3979999999999997       -7.3742258206567754E-002
   4.4039999999999999       -7.3324013743977567E-002
   4.4100000000000001       -7.2906256796445579E-002
   4.4160000000000004       -7.2488997099175875E-002
   4.4219999999999997       -7.2074009679491902E-002
   4.4279999999999999       -7.1663202453354974E-002
   4.4340000000000002       -7.1253142479609108E-002
   4.4400000000000004       -7.0840038007035477E-002
   4.4459999999999997       -7.0426259932444821E-002
   4.4520000000000000       -7.0013975480083673E-002
   4.4580000000000002       -6.9601480325346285E-002
   4.4640000000000004       -6.9188694827573394E-002
   4.4699999999999998       -6.8778593018934506E-002
   4.4760000000000000       -6.8370415411716692E-002
   4.4820000000000002       -6.7959938426774918E-002
   4.4880000000000004       -6.7546915947501410E-002
   4.4939999999999998       -6.7133489662267565E-002
   4.5000000000000000       -6.6720000000000002E-002
   4.5060000000000002       -6.6305868393788894E-002
   4.5120000000000005       -6.5890742041910838E-002
   4.5179999999999998       -6.5475203642613639E-002
   4.5240000000000000       -6.5061373266501410E-002
   4.5300000000000002       -6.4649321922063435E-002
   4.5360000000000005       -6.4235683489083026E-002
   4.5419999999999998       -6.3819716594137349E-002
   4.5480000000000000       -6.3403568024913481E-002
   4.5540000000000003       -6.2987399136217509E-002
   4.5600000000000005       -6.2570395331551287E-002
   4.5659999999999998       -6.2154891314797400E-002
   4.5720000000000001       -6.1743225917873394E-002
   4.5780000000000003       -6.1332027666765057E-002
   4.5840000000000005       -6.0918243252568359E-002
   4.5899999999999999       -6.0503715109527068E-002
   4.5960000000000001       -6.0090143632812551E-002
   4.6020000000000003       -5.9677600610866181E-002
   4.6080000000000005       -5.9265852433318167E-002
   4.6139999999999999       -5.8854635985073490E-002
   4.6200000000000001       -5.8445383944157471E-002
   4.6260000000000003       -5.8040105437451590E-002
   4.6319999999999997       -5.7636239101690745E-002
   4.6379999999999999       -5.7230385345755197E-002
   4.6440000000000001       -5.6824825813024338E-002
   4.6500000000000004       -5.6421992820065957E-002
   4.6559999999999997       -5.6020088130174998E-002
   4.6619999999999999       -5.5618918434974851E-002
   4.6680000000000001       -5.5222301070050793E-002
   4.6740000000000004       -5.4829950017239087E-002
   4.6799999999999997       -5.4436771961504288E-002
   4.6859999999999999       -5.4042669263441090E-002
   4.6920000000000002       -5.3651213345013174E-002
   4.6980000000000004       -5.3262813878232902E-002
   4.7039999999999997       -5.2876407549118536E-002
   4.7100000000000000       -5.2491583206120823E-002
   4.7160000000000002       -5.2108845647802667E-002
   4.7220000000000004       -5.1730802862550815E-002
   4.7279999999999998       -5.1357878043767943E-002
   4.7340000000000000       -5.0985810328504105E-002
   4.7400000000000002       -5.0613451547949002E-002
   4.7460000000000004       -5.0243991228131363E-002
   4.7519999999999998       -4.9878098749033324E-002
   4.7580000000000000       -4.9514512831936017E-002
   4.7640000000000002       -4.9154719713862656E-002
   4.7700000000000005       -4.8800706277927368E-002
   4.7759999999999998       -4.8449593996240797E-002
   4.7820000000000000       -4.8098366689774963E-002
   4.7880000000000003       -4.7748676624144254E-002
   4.7940000000000005       -4.7402265464910873E-002
   4.7999999999999998       -4.7059112695509137E-002
   4.8060000000000000       -4.6718778968616315E-002
   4.8120000000000003       -4.6380646991932173E-002
   4.8180000000000005       -4.6045570962889401E-002
   4.8239999999999998       -4.5715281208381760E-002
   4.8300000000000001       -4.5388124769979034E-002
   4.8360000000000003       -4.5061281464795058E-002
   4.8420000000000005       -4.4735795113411997E-002
   4.8479999999999999       -4.4413465813424813E-002
   4.8540000000000001       -4.4093981996538939E-002
   4.8600000000000003       -4.3776709270509043E-002
   4.8659999999999997       -4.3461307606221293E-002
   4.8719999999999999       -4.3148441249386729E-002
   4.8780000000000001       -4.2839946610673377E-002
   4.8840000000000003       -4.2535153453794355E-002
   4.8899999999999997       -4.2231356630208244E-002
   4.8959999999999999       -4.1928288914340722E-002
   4.9020000000000001       -4.1627052296272310E-002
   4.9080000000000004       -4.1328072102896213E-002
   4.9139999999999997       -4.1031670926273467E-002
   4.9199999999999999       -4.0738735782870697E-002
   4.9260000000000002       -4.0449288689837729E-002
   4.9320000000000004       -4.0161169171734838E-002
   4.9379999999999997       -3.9873482304921798E-002
   4.9440000000000000       -3.9587611496550004E-002
   4.9500000000000002       -3.9304239403352495E-002
   4.9560000000000004       -3.9023164090751433E-002
   4.9619999999999997       -3.8743804871922825E-002
   4.9680000000000000       -3.8465696763996471E-002
   4.9740000000000002       -3.8190449075261625E-002
   4.9800000000000004       -3.7919437756953785E-002
   4.9859999999999998       -3.7650073602677345E-002
   4.9920000000000000       -3.7380310076917111E-002
   4.9980000000000002       -3.7111725683298367E-002
   5.0040000000000004       -3.6845428322265915E-002
   5.0099999999999998       -3.6580990031957701E-002
   5.0160000000000000       -3.6318729984202838E-002
   5.0220000000000002       -3.6059683525095421E-002
   5.0280000000000005       -3.5802976861129307E-002
   5.0339999999999998       -3.5546694924823610E-002
   5.0400000000000000       -3.5291240985929111E-002
   5.0460000000000003       -3.5037907049770049E-002
   5.0520000000000005       -3.4786349725740871E-002
   5.0579999999999998       -3.4536099391956537E-002
   5.0640000000000001       -3.4287471497483554E-002
   5.0700000000000003       -3.4041099269036354E-002
   5.0760000000000005       -3.3797865769464225E-002
   5.0819999999999999       -3.3557108741992338E-002
   5.0880000000000001       -3.3316700103626286E-002
   5.0940000000000003       -3.3076772236694058E-002
   5.1000000000000005       -3.2838871894769743E-002
   5.1059999999999999       -3.2602846078541761E-002
   5.1120000000000001       -3.2368194609654420E-002
   5.1180000000000003       -3.2136309065425250E-002
   5.1239999999999997       -3.1907908514718551E-002
   5.1299999999999999       -3.1680505185680295E-002
   5.1360000000000001       -3.1452782182834267E-002
   5.1420000000000003       -3.1226419340324378E-002
   5.1479999999999997       -3.1002344765993541E-002
   5.1539999999999999       -3.0780263795668186E-002
   5.1600000000000001       -3.0559662835684263E-002
   5.1660000000000004       -3.0340116406250880E-002
   5.1719999999999997       -3.0122775249660300E-002
   5.1779999999999999       -2.9908897619182456E-002
   5.1840000000000002       -2.9696798249987812E-002
   5.1900000000000004       -2.9484824787433646E-002
   5.1959999999999997       -2.9273954145774196E-002
   5.2020000000000000       -2.9064901841661887E-002
   5.2080000000000002       -2.8857030365666701E-002
   5.2140000000000004       -2.8650708164484666E-002
   5.2199999999999998       -2.8447535321559358E-002
   5.2260000000000000       -2.8246986265589510E-002
   5.2320000000000002       -2.8047053982003137E-002
   5.2380000000000004       -2.7847577220765137E-002
   5.2439999999999998       -2.7649305703330733E-002
   5.2500000000000000       -2.7452686624950092E-002
   5.2560000000000002       -2.7257938743438587E-002
   5.2620000000000005       -2.7064881676003481E-002
   5.2679999999999998       -2.6873558902986729E-002
   5.2740000000000000       -2.6684571990457290E-002
   5.2800000000000002       -2.6497678962744714E-002
   5.2860000000000005       -2.6311579656673297E-002
   5.2919999999999998       -2.6126190819723720E-002
   5.2980000000000000       -2.5942405104654488E-002
   5.3040000000000003       -2.5760162123860515E-002
   5.3100000000000005       -2.5579107596417672E-002
   5.3159999999999998       -2.5400162954444624E-002
   5.3220000000000001       -2.5224007188443056E-002
   5.3280000000000003       -2.5049118667556471E-002
   5.3340000000000005       -2.4874382373212357E-002
   5.3399999999999999       -2.4700504856172548E-002
   5.3460000000000001       -2.4528080898042696E-002
   5.3520000000000003       -2.4357224707048496E-002
   5.3580000000000005       -2.4187793298449643E-002
   5.3639999999999999       -2.4019547284010335E-002
   5.3700000000000001       -2.3853220754297244E-002
   5.3760000000000003       -2.3689699194289926E-002
   5.3819999999999997       -2.3527596311590009E-002
   5.3879999999999999       -2.3365367123823720E-002
   5.3940000000000001       -2.3203801841560130E-002
   5.4000000000000004       -2.3043726495387797E-002
   5.4059999999999997       -2.2884879283112468E-002
   5.4119999999999999       -2.2727547694685973E-002
   5.4180000000000001       -2.2572912012942318E-002
   5.4240000000000004       -2.2420297118395608E-002
   5.4299999999999997       -2.2267492848035465E-002
   5.4359999999999999       -2.2114783544860565E-002
   5.4420000000000002       -2.1963780633381929E-002
   5.4480000000000004       -2.1814523540726296E-002
   5.4539999999999997       -2.1666439826227641E-002
   5.4600000000000000       -2.1518993617644720E-002
   5.4660000000000002       -2.1372271727532133E-002
   5.4720000000000004       -2.1227770553708222E-002
   5.4779999999999998       -2.1085714506556687E-002
   5.4840000000000000       -2.0944210106988242E-002
   5.4900000000000002       -2.0802862916926831E-002
   5.4960000000000004       -2.0662841146994446E-002
   5.5019999999999998       -2.0524071014323925E-002
   5.5080000000000000       -2.0385868985700419E-002
   5.5140000000000002       -2.0249000000000000E-002
   5.5200000000000005       -2.0114406259086590E-002
   5.5259999999999998       -1.9981002845871759E-002
   5.5320000000000000       -1.9847751946134456E-002
   5.5380000000000003       -1.9715096495464900E-002
   5.5440000000000005       -1.9583513166403946E-002
   5.5499999999999998       -1.9453147059757668E-002
   5.5560000000000000       -1.9323966779498370E-002
   5.5620000000000003       -1.9195825934245563E-002
   5.5680000000000005       -1.9069045223982554E-002
   5.5739999999999998       -1.8944083070174245E-002
   5.5800000000000001       -1.8820130174222714E-002
   5.5860000000000003       -1.8696157794483442E-002
   5.5920000000000005       -1.8572573202754246E-002
   5.5979999999999999       -1.8450028792240385E-002
   5.6040000000000001       -1.8328762925369588E-002
   5.6100000000000003       -1.8208703158653330E-002
   5.6160000000000005       -1.8089390770960164E-002
   5.6219999999999999       -1.7971000726096149E-002
   5.6280000000000001       -1.7854343624453362E-002
   5.6340000000000003       -1.7738963789711834E-002
   5.6399999999999997       -1.7623673626731565E-002
   5.6459999999999999       -1.7508722003162586E-002
   5.6520000000000001       -1.7394842498430405E-002
   5.6580000000000004       -1.7281848564897156E-002
   5.6639999999999997       -1.7169594790174953E-002
   5.6699999999999999       -1.7058804164175025E-002
   5.6760000000000002       -1.6949609840508847E-002
   5.6820000000000004       -1.6840856427474848E-002
   5.6879999999999997       -1.6732229434436727E-002
   5.6940000000000000       -1.6624523373310718E-002
   5.7000000000000002       -1.6517812486959483E-002
   5.7060000000000004       -1.6411628161769914E-002
   5.7119999999999997       -1.6306013350966580E-002
   5.7180000000000000       -1.6201270597200702E-002
   5.7240000000000002       -1.6097704952962012E-002
   5.7300000000000004       -1.5995366659786344E-002
   5.7359999999999998       -1.5893551708452365E-002
   5.7420000000000000       -1.5791930483305534E-002
   5.7480000000000002       -1.5691156110466828E-002
   5.7540000000000004       -1.5591398837250272E-002
   5.7599999999999998       -1.5492130215223443E-002
   5.7660000000000000       -1.5393483056949648E-002
   5.7720000000000002       -1.5296060128094412E-002
   5.7780000000000005       -1.5199616912364636E-002
   5.7839999999999998       -1.5103538421536545E-002
   5.7900000000000000       -1.5007607593769023E-002
   5.7960000000000003       -1.4911892219385648E-002
   5.8020000000000005       -1.4816948342811914E-002
   5.8079999999999998       -1.4723047203757739E-002
   5.8140000000000001       -1.4629691472321467E-002
   5.8200000000000003       -1.4536870988155383E-002
   5.8260000000000005       -1.4445274117773957E-002
   5.8319999999999999       -1.4354649202109819E-002
   5.8380000000000001       -1.4264026208531339E-002
   5.8440000000000003       -1.4173518016921590E-002
   5.8500000000000005       -1.4083733183704933E-002
   5.8559999999999999       -1.3994549177058467E-002
   5.8620000000000001       -1.3905808901550021E-002
   5.8680000000000003       -1.3818130327273366E-002
   5.8740000000000006       -1.3731665584524743E-002
   5.8799999999999999       -1.3645237147768280E-002
   5.8860000000000001       -1.3558413536162873E-002
   5.8920000000000003       -1.3472039193403564E-002
   5.8979999999999997       -1.3386509429859172E-002
   5.9039999999999999       -1.3301697410544752E-002
   5.9100000000000001       -1.3217255896163488E-002
   5.9160000000000004       -1.3132880374133746E-002
   5.9219999999999997       -1.3049234339380966E-002
   5.9279999999999999       -1.2966909702376158E-002
   5.9340000000000002       -1.2884940589173291E-002
   5.9400000000000004       -1.2802552439469197E-002
   5.9459999999999997       -1.2720239540092696E-002
   5.9520000000000000       -1.2638395565840978E-002
   5.9580000000000002       -1.2557033250998960E-002
   5.9640000000000004       -1.2476360939093569E-002
   5.9699999999999998       -1.2396577664072745E-002
   5.9760000000000000       -1.2317238916599877E-002
   5.9820000000000002       -1.2237641169801399E-002
   5.9880000000000004       -1.2158000000000000E-002
   5.9939999999999998       -1.2078770881041636E-002
