 X =   0.25000000000000000      Y =   0.25000000000000000      Npts =        1000
   0.0000000000000000        24.534469269424775     
   6.0060060060060060E-003   24.489671744509483     
   1.2012012012012012E-002   24.441544709221073     
   1.8018018018018018E-002   24.390024116165858     
   2.4024024024024024E-002   24.335048799427636     
   3.0030030030030030E-002   24.276560674054771     
   3.6036036036036036E-002   24.214504927365173     
   4.2042042042042038E-002   24.148830201124341     
   4.8048048048048048E-002   24.079488763701640     
   5.4054054054054057E-002   24.006436671366583     
   6.0060060060060060E-002   23.929633917947729     
   6.6066066066066062E-002   23.849044572147637     
   7.2072072072072071E-002   23.764636901880142     
   7.8078078078078081E-002   23.676383485075867     
   8.4084084084084076E-002   23.584261306484688     
   9.0090090090090086E-002   23.488251840089845     
   9.6096096096096095E-002   23.388341116836692     
  0.10210210210210210        23.284519777468756     
  0.10810810810810811        23.176783110354368     
  0.11411411411411411        23.065131074276565     
  0.12012012012012012        22.949568306248153     
  0.12612612612612611        22.830104114500340     
  0.13213213213213212        22.706752456877414     
  0.13813813813813813        22.579531904951022     
  0.14414414414414414        22.448465594242816     
  0.15015015015015015        22.313581161017282     
  0.15615615615615616        22.174910666171868     
  0.16216216216216217        22.032490506813293     
  0.16816816816816815        21.886361316161999     
  0.17417417417417416        21.736567852476757     
  0.18018018018018017        21.583158877731375     
  0.18618618618618618        21.426187026811633     
  0.19219219219219219        21.265708668028271     
  0.19819819819819820        21.101783755762749     
  0.20420420420420421        20.934475676078510     
  0.21021021021021022        20.763851086137695     
  0.21621621621621623        20.589979748266046     
  0.22222222222222221        20.412934359504874     
  0.22822822822822822        20.232790377478764     
  0.23423423423423423        20.049625843394161     
  0.24024024024024024        19.863521202963639     
  0.24624624624624625        19.674559126026434     
  0.25225225225225223        19.482824325609077     
  0.25825825825825827        19.288403377137040     
  0.26426426426426425        19.091384538474692     
  0.27027027027027029        18.891857571433750     
  0.27627627627627627        18.689913565350938     
  0.28228228228228230        18.485644763294914     
  0.28828828828828829        18.279144391420150     
  0.29429429429429427        18.070506491943167     
  0.30030030030030030        17.859825760172928     
  0.30630630630630629        17.647197385983450     
  0.31231231231231232        17.432716900074240     
  0.31831831831831831        17.216480025321900     
  0.32432432432432434        16.998582533483681     
  0.33033033033033032        16.779120107474721     
  0.33633633633633631        16.558188209400566     
  0.34234234234234234        16.335881954490006     
  0.34834834834834832        16.112295991036419     
  0.35435435435435436        15.887524386423374     
  0.36036036036036034        15.661660519276895     
  0.36636636636636638        15.434796977757776     
  0.37237237237237236        15.207025463979001     
  0.37837837837837840        14.978436704507933     
  0.38438438438438438        14.749120366889274     
  0.39039039039039036        14.519164982102968     
  0.39639639639639640        14.288657872852408     
  0.40240240240240238        14.057685087560401     
  0.40840840840840842        13.826331339935363     
  0.41441441441441440        13.594679953956701     
  0.42042042042042044        13.362812814116419     
  0.42642642642642642        13.130810320744894     
  0.43243243243243246        12.898751350239694     
  0.43843843843843844        12.666713220010696     
  0.44444444444444442        12.434771657948801     
  0.45045045045045046        12.203000776222662     
  0.45645645645645644        11.971473049204866     
  0.46246246246246248        11.740259295327821     
  0.46846846846846846        11.509428662670164     
  0.47447447447447449        11.279048618074180     
  0.48048048048048048        11.049184939597618     
  0.48648648648648646        10.819901712105011     
  0.49249249249249250        10.591261325807263     
  0.49849849849849848        10.363324477562314     
  0.50450450450450446        10.136150174753391     
  0.51051051051051055        9.9097957415670539     
  0.51651651651651653        9.6843168274982059     
  0.52252252252252251        9.4597674179145823     
  0.52852852852852850        9.2361998465198099     
  0.53453453453453448        9.0136648095592218     
  0.54054054054054057        8.7922113816201062     
  0.54654654654654655        8.5718870328830601     
  0.55255255255255253        8.3527376476887873     
  0.55855855855855852        8.1348075442902346     
  0.56456456456456461        7.9181394956667219     
  0.57057057057057059        7.7027747512833011     
  0.57657657657657657        7.4887530596842788     
  0.58258258258258255        7.2761126918168042     
  0.58858858858858853        7.0648904649857736     
  0.59459459459459463        6.8551217673478497     
  0.60060060060060061        6.6468405828576751     
  0.60660660660660659        6.4400795165853149     
  0.61261261261261257        6.2348698203292718     
  0.61861861861861867        6.0312414184545089     
  0.62462462462462465        5.8292229338903869     
  0.63063063063063063        5.6288417142274749     
  0.63663663663663661        5.4301238578579234     
  0.64264264264264259        5.2330942401074472     
  0.64864864864864868        5.0377765393118219     
  0.65465465465465467        4.8441932627947315     
  0.66066066066066065        4.6523657727073209     
  0.66666666666666663        4.4623143116938850     
  0.67267267267267261        4.2740580283509519     
  0.67867867867867870        4.0876150024509839     
  0.68468468468468469        3.9030022699041087     
  0.69069069069069067        3.7202358474348785     
  0.69669669669669665        3.5393307569532499     
  0.70270270270270274        3.3603010496017012     
  0.70870870870870872        3.1831598294626802     
  0.71471471471471471        3.0079192769127072     
  0.72072072072072069        2.8345906716115774     
  0.72672672672672667        2.6631844151169091     
  0.73273273273273276        2.4937100531160250     
  0.73873873873873874        2.3261762972688431     
  0.74474474474474472        2.1605910466567662     
  0.75075075075075071        1.9969614088341283     
  0.75675675675675680        1.8352937204799009     
  0.76276276276276278        1.6755935676483973     
  0.76876876876876876        1.5178658056189880     
  0.77477477477477474        1.3621145783455755     
  0.78078078078078073        1.2083433375075805     
  0.78678678678678682        1.0565548611647946     
  0.79279279279279280       0.90675127201940675     
  0.79879879879879878       0.75893405528879332     
  0.80480480480480476       0.61310407619353868     
  0.81081081081081086       0.46926159706544335     
  0.81681681681681684       0.32740629408072475     
  0.82282282282282282       0.18753727362400432     
  0.82882882882882880        4.9653088289164898E-002
  0.83483483483483478       -8.6248247477013734E-002
  0.84084084084084088      -0.22016924208168490     
  0.84684684684684686      -0.35211291183687038     
  0.85285285285285284      -0.48208276634764469     
  0.85885885885885882      -0.61008279423060374     
  0.86486486486486491      -0.73611744915579014     
  0.87087087087087089      -0.86019163620497718     
  0.87687687687687688      -0.98231069853920316     
  0.88288288288288286       -1.1024804043686176     
  0.88888888888888884       -1.2207069342174603     
  0.89489489489489493       -1.3369968684772140     
  0.90090090090090091       -1.4513571752409646     
  0.90690690690690690       -1.5637951984120353     
  0.91291291291291288       -1.6743186460800956     
  0.91891891891891886       -1.7829355791579917     
  0.92492492492492495       -1.8896544002726547     
  0.93093093093093093       -1.9944838429035956     
  0.93693693693693691       -2.0974329607625655     
  0.94294294294294290       -2.1985111174081138     
  0.94894894894894899       -2.2977279760888534     
  0.95495495495495497       -2.3950934898095007     
  0.96096096096096095       -2.4906178916137787     
  0.96696696696696693       -2.5843116850784478     
  0.97297297297297292       -2.6761856350129030     
  0.97897897897897901       -2.7662507583589209     
  0.98498498498498499       -2.8545183152852389     
  0.99099099099099097       -2.9409998004718907     
  0.99699699699699695       -3.0257069345792518     
   1.0030030030030030       -3.1086516558970057     
   1.0090090090090089       -3.1898461121683011     
   1.0150150150150150       -3.2693026525846594     
   1.0210210210210211       -3.3470338199471077     
   1.0270270270270270       -3.4230523429893513     
   1.0330330330330331       -3.4973711288589233     
   1.0390390390390389       -3.5700032557522303     
   1.0450450450450450       -3.6409619656997663     
   1.0510510510510511       -3.7102606574976966     
   1.0570570570570570       -3.7779128797823347     
   1.0630630630630631       -3.8439323242439838     
   1.0690690690690690       -3.9083328189768767     
   1.0750750750750750       -3.9711283219619697     
   1.0810810810810811       -4.0323329146795608     
   1.0870870870870870       -4.0919607958486992     
   1.0930930930930931       -4.1500262752905934     
   1.0990990990990992       -4.2065437679131978     
   1.1051051051051051       -4.2615277878143960     
   1.1111111111111112       -4.3149929425011875     
   1.1171171171171170       -4.3669539272224380     
   1.1231231231231231       -4.4174255194128484     
   1.1291291291291292       -4.4664225732458753     
   1.1351351351351351       -4.5139600142933940     
   1.1411411411411412       -4.5600528342900448     
   1.1471471471471471       -4.6047160860002396     
   1.1531531531531531       -4.6479648781858565     
   1.1591591591591592       -4.6898143706728179     
   1.1651651651651651       -4.7302797695146896     
   1.1711711711711712       -4.7693763222516452     
   1.1771771771771771       -4.8071193132630770     
   1.1831831831831832       -4.8435240592122950     
   1.1891891891891893       -4.8786059045817565     
   1.1951951951951951       -4.9123802172973576     
   1.2012012012012012       -4.9448623844403521     
   1.2072072072072071       -4.9760678080455119     
   1.2132132132132132       -5.0060119009842374     
   1.2192192192192193       -5.0347100829313076     
   1.2252252252252251       -5.0621777764140390     
   1.2312312312312312       -5.0884304029426870     
   1.2372372372372373       -5.1134833792209022     
   1.2432432432432432       -5.1373521134351501     
   1.2492492492492493       -5.1600520016220255     
   1.2552552552552552       -5.1815984241123791     
   1.2612612612612613       -5.2020067420513056     
   1.2672672672672673       -5.2212922939929376     
   1.2732732732732732       -5.2394703925691717     
   1.2792792792792793       -5.2565563212313320     
   1.2852852852852852       -5.2725653310639293     
   1.2912912912912913       -5.2875126376695905     
   1.2972972972972974       -5.3014134181243477     
   1.3033033033033032       -5.3142828080024245     
   1.3093093093093093       -5.3261358984697145     
   1.3153153153153152       -5.3369877334451754     
   1.3213213213213213       -5.3468533068293329     
   1.3273273273273274       -5.3557475597991582     
   1.3333333333333333       -5.3636853781685589     
   1.3393393393393394       -5.3706815898137537     
   1.3453453453453452       -5.3767509621628209     
   1.3513513513513513       -5.3819081997486951     
   1.3573573573573574       -5.3861679418249429     
   1.3633633633633633       -5.3895447600435871     
   1.3693693693693694       -5.3920531561943816     
   1.3753753753753755       -5.3937075600047573     
   1.3813813813813813       -5.3945223269998825     
   1.3873873873873874       -5.3945117364221327     
   1.3933933933933933       -5.3936899892093226     
   1.3993993993993994       -5.3920712060310860     
   1.4054054054054055       -5.3896694253827366     
   1.4114114114114114       -5.3864986017360117     
   1.4174174174174174       -5.3825726037460413     
   1.4234234234234233       -5.3779052125139488     
   1.4294294294294294       -5.3725101199044500     
   1.4354354354354355       -5.3664009269178266     
   1.4414414414414414       -5.3595911421156925     
   1.4474474474474475       -5.3520941800999040     
   1.4534534534534533       -5.3439233600440357     
   1.4594594594594594       -5.3350919042768012     
   1.4654654654654655       -5.3256129369168228     
   1.4714714714714714       -5.3154994825581294     
   1.4774774774774775       -5.3047644650058077     
   1.4834834834834836       -5.2934207060611778     
   1.4894894894894894       -5.2814809243559147     
   1.4954954954954955       -5.2689577342344975     
   1.5015015015015014       -5.2558636446844016     
   1.5075075075075075       -5.2422110583134254     
   1.5135135135135136       -5.2280122703735525     
   1.5195195195195195       -5.2132794678307626     
   1.5255255255255256       -5.1980247284801644     
   1.5315315315315314       -5.1822600201058959     
   1.5375375375375375       -5.1659971996851466     
   1.5435435435435436       -5.1492480126357307     
   1.5495495495495495       -5.1320240921066116     
   1.5555555555555556       -5.1143369583107656     
   1.5615615615615615       -5.0961980178997957     
   1.5675675675675675       -5.0776185633796995     
   1.5735735735735736       -5.0586097725671753     
   1.5795795795795795       -5.0391827080858960     
   1.5855855855855856       -5.0193483169021222     
   1.5915915915915915       -4.9991174298990808     
   1.5975975975975976       -4.9785007614894852     
   1.6036036036036037       -4.9575089092656333     
   1.6096096096096095       -4.9361523536864524     
   1.6156156156156156       -4.9144414578009084     
   1.6216216216216217       -4.8923864670071913     
   1.6276276276276276       -4.8699975088470655     
   1.6336336336336337       -4.8472845928347921     
   1.6396396396396395       -4.8242576103200498     
   1.6456456456456456       -4.8009263343842203     
   1.6516516516516517       -4.7773004197694933     
   1.6576576576576576       -4.7533894028401615     
   1.6636636636636637       -4.7292027015755354     
   1.6696696696696696       -4.7047496155938884     
   1.6756756756756757       -4.6800393262068338     
   1.6816816816816818       -4.6550808965035646     
   1.6876876876876876       -4.6298832714643554     
   1.6936936936936937       -4.6044552781027610     
   1.6996996996996996       -4.5788056256359200     
   1.7057057057057057       -4.5529429056823867     
   1.7117117117117118       -4.5268755924869293     
   1.7177177177177176       -4.5006120431716914     
   1.7237237237237237       -4.4741604980131910     
   1.7297297297297298       -4.4475290807445367     
   1.7357357357357357       -4.4207257988823461     
   1.7417417417417418       -4.3937585440777607     
   1.7477477477477477       -4.3666350924910322     
   1.7537537537537538       -4.3393631051890900     
   1.7597597597597598       -4.3119501285655835     
   1.7657657657657657       -4.2844035947827859     
   1.7717717717717718       -4.2567308222348759     
   1.7777777777777777       -4.2289390160320126     
   1.7837837837837838       -4.2010352685046755     
   1.7897897897897899       -4.1730265597277452     
   1.7957957957957957       -4.1449197580637760     
   1.8018018018018018       -4.1167216207249338     
   1.8078078078078077       -4.0884387943531095     
   1.8138138138138138       -4.0600778156176167     
   1.8198198198198199       -4.0316451118300352     
   1.8258258258258258       -4.0031470015756554     
   1.8318318318318318       -3.9745896953609856     
   1.8378378378378377       -3.9459792962768949     
   1.8438438438438438       -3.9173218006768136     
   1.8498498498498499       -3.8886230988695609     
   1.8558558558558558       -3.8598889758262764     
   1.8618618618618619       -3.8311251119009810     
   1.8678678678678680       -3.8023370835642925     
   1.8738738738738738       -3.7735303641498308     
   1.8798798798798799       -3.7447103246128108     
   1.8858858858858858       -3.7158822343004156     
   1.8918918918918919       -3.6870512617334321     
   1.8978978978978980       -3.6582224753987420     
   1.9039039039039038       -3.6294008445522024     
   1.9099099099099099       -3.6005912400314668     
   1.9159159159159158       -3.5717984350783372     
   1.9219219219219219       -3.5430271061701779     
   1.9279279279279280       -3.5142818338600081     
   1.9339339339339339       -3.4855671036248221     
   1.9399399399399400       -3.4568873067217276     
   1.9459459459459458       -3.4282467410515198     
   1.9519519519519519       -3.3996496120292536     
   1.9579579579579580       -3.3711000334614392     
   1.9639639639639639       -3.3426020284294613     
   1.9699699699699700       -3.3141595301788409     
   1.9759759759759759       -3.2857763830139652     
   1.9819819819819819       -3.2574563431978958     
   1.9879879879879880       -3.2292030798569025     
   1.9939939939939939       -3.2010201758893637     
   2.0000000000000000       -3.1729111288786536     
   2.0060060060060061       -3.1448793520097036     
   2.0120120120120122       -3.1169281749888582     
   2.0180180180180178       -3.0890608449667147     
   2.0240240240240239       -3.0612805274635839     
   2.0300300300300300       -3.0335903072972985     
   2.0360360360360361       -3.0059931895129774     
   2.0420420420420422       -2.9784921003145017     
   2.0480480480480479       -2.9510898879973384     
   2.0540540540540539       -2.9237893238824446     
   2.0600600600600600       -2.8965931032509520     
   2.0660660660660661       -2.8695038462793190     
   2.0720720720720722       -2.8425240989746881     
   2.0780780780780779       -2.8156563341101624     
   2.0840840840840840       -2.7889029521597268     
   2.0900900900900901       -2.7622662822325497     
   2.0960960960960962       -2.7357485830064063     
   2.1021021021021022       -2.7093520436599525     
   2.1081081081081079       -2.6830787848036324     
   2.1141141141141140       -2.6569308594089236     
   2.1201201201201201       -2.6309102537357503     
   2.1261261261261262       -2.6050188882577681     
   2.1321321321321323       -2.5792586185853259     
   2.1381381381381379       -2.5536312363858871     
   2.1441441441441440       -2.5281384703016641     
   2.1501501501501501       -2.5027819868643060     
   2.1561561561561562       -2.4775633914063797     
   2.1621621621621623       -2.4524842289694821     
   2.1681681681681679       -2.4275459852087793     
   2.1741741741741740       -2.4027500872937697     
   2.1801801801801801       -2.3780979048051263     
   2.1861861861861862       -2.3535907506273861     
   2.1921921921921923       -2.3292298818373651     
   2.1981981981981984       -2.3050165005880960     
   2.2042042042042040       -2.2809517549881431     
   2.2102102102102101       -2.2570367399761277     
   2.2162162162162162       -2.2332724981903307     
   2.2222222222222223       -2.2096600208331938     
   2.2282282282282284       -2.1862002485306014     
   2.2342342342342341       -2.1628940721858041     
   2.2402402402402402       -2.1397423338278254     
   2.2462462462462462       -2.1167458274542659     
   2.2522522522522523       -2.0939052998683456     
   2.2582582582582584       -2.0712214515100760     
   2.2642642642642641       -2.0486949372814567     
   2.2702702702702702       -2.0263263673655731     
   2.2762762762762763       -2.0041163080395039     
   2.2822822822822824       -1.9820652824809246     
   2.2882882882882885       -1.9601737715683147     
   2.2942942942942941       -1.9384422146746854     
   2.3003003003003002       -1.9168710104547155     
   2.3063063063063063       -1.8954605176252481     
   2.3123123123123124       -1.8742110557390323     
   2.3183183183183185       -1.8531229059516532     
   2.3243243243243241       -1.8321963117815767     
   2.3303303303303302       -1.8114314798632296     
   2.3363363363363363       -1.7908285806930777     
   2.3423423423423424       -1.7703877493686022     
   2.3483483483483485       -1.7501090863201523     
   2.3543543543543541       -1.7299926580356015     
   2.3603603603603602       -1.7100384977777616     
   2.3663663663663663       -1.6902466062945209     
   2.3723723723723724       -1.6706169525216390     
   2.3783783783783785       -1.6511494742781829     
   2.3843843843843842       -1.6318440789545576     
   2.3903903903903903       -1.6127006441930898     
   2.3963963963963963       -1.5937190185611625     
   2.4024024024024024       -1.5748990222168442     
   2.4084084084084085       -1.5562404475669995     
   2.4144144144144142       -1.5377430599178747     
   2.4204204204204203       -1.5194065981181168     
   2.4264264264264264       -1.5012307751942338     
   2.4324324324324325       -1.4832152789784694     
   2.4384384384384385       -1.4653597727290881     
   2.4444444444444446       -1.4476638957430665     
   2.4504504504504503       -1.4301272639611866     
   2.4564564564564564       -1.4127494705655226     
   2.4624624624624625       -1.3955300865693396     
   2.4684684684684686       -1.3784686613993853     
   2.4744744744744747       -1.3615647234706025     
   2.4804804804804803       -1.3448177807532573     
   2.4864864864864864       -1.3282273213324922     
   2.4924924924924925       -1.3117928139603392     
   2.4984984984984986       -1.2955137086001753     
   2.5045045045045047       -1.2793894369636623     
   2.5105105105105103       -1.2634194130401828     
   2.5165165165165164       -1.2476030336187873     
   2.5225225225225225       -1.2319396788026917     
   2.5285285285285286       -1.2164287125163311     
   2.5345345345345347       -1.2010694830050095     
   2.5405405405405403       -1.1858613233271755     
   2.5465465465465464       -1.1708035518393354     
   2.5525525525525525       -1.1558954726736730     
   2.5585585585585586       -1.1411363762083622     
   2.5645645645645647       -1.1265255395306528     
   2.5705705705705704       -1.1120622268927332     
   2.5765765765765765       -1.0977456901604237     
   2.5825825825825826       -1.0835751692547431     
   2.5885885885885886       -1.0695498925863764     
   2.5945945945945947       -1.0556690774830992     
   2.6006006006006004       -1.0419319306101913     
   2.6066066066066065       -1.0283376483838911     
   2.6126126126126126       -1.0148854173779385     
   2.6186186186186187       -1.0015744147232477     
   2.6246246246246248      -0.98840380850075971     
   2.6306306306306304      -0.97537275812752389     
   2.6366366366366365      -0.96248041473605794     
   2.6426426426426426      -0.94972592154704794     
   2.6486486486486487      -0.93710841423541891     
   2.6546546546546548      -0.92462702128984764     
   2.6606606606606604      -0.91228086436576572     
   2.6666666666666665      -0.90006905863190023     
   2.6726726726726726      -0.88799071311042299     
   2.6786786786786787      -0.87604493101074943     
   2.6846846846846848      -0.86423081005704716     
   2.6906906906906904      -0.85254744280951911     
   2.6966966966966965      -0.84099391697950543     
   2.7027027027027026      -0.82956931573848292     
   2.7087087087087087      -0.81827271802099721     
   2.7147147147147148      -0.80710319882160164     
   2.7207207207207209      -0.79605982948586329     
   2.7267267267267266      -0.78514167799548795     
   2.7327327327327327      -0.77434780924762892     
   2.7387387387387387      -0.76367728532844836     
   2.7447447447447448      -0.75312916578097555     
   2.7507507507507509      -0.74270250786734093     
   2.7567567567567566      -0.73239636682543563     
   2.7627627627627627      -0.72220979612006386     
   2.7687687687687688      -0.71214184768865463     
   2.7747747747747749      -0.70219157218158279     
   2.7807807807807809      -0.69235801919717788     
   2.7867867867867866      -0.68264023751146863     
   2.7927927927927927      -0.67303727530273649     
   2.7987987987987988      -0.66354818037094032     
   2.8048048048048049      -0.65417200035206513     
   2.8108108108108110      -0.64490778292747375     
   2.8168168168168166      -0.63575457602830943     
   2.8228228228228227      -0.62671142803502289     
   2.8288288288288288      -0.61777738797208215     
   2.8348348348348349      -0.60895150569793000     
   2.8408408408408410      -0.60023283209024747     
   2.8468468468468466      -0.59162041922659547     
   2.8528528528528527      -0.58311332056048282     
   2.8588588588588588      -0.57471059109294209     
   2.8648648648648649      -0.56641128753965675     
   2.8708708708708710      -0.55821446849371337     
   2.8768768768768767      -0.55011919458403857     
   2.8828828828828827      -0.54212452862957949     
   2.8888888888888888      -0.53422953578929233     
   2.8948948948948949      -0.52643328370800013     
   2.9009009009009010      -0.51873484265817815     
   2.9069069069069067      -0.51113328567773175     
   2.9129129129129128      -0.50362768870382024     
   2.9189189189189189      -0.49621713070279722     
   2.9249249249249250      -0.48890069379631895     
   2.9309309309309310      -0.48167746338368073     
   2.9369369369369367      -0.47454652826044669     
   2.9429429429429428      -0.46750698073342151     
   2.9489489489489489      -0.46055791673203672     
   2.9549549549549550      -0.45369843591619474     
   2.9609609609609611      -0.44692764178063754     
   2.9669669669669672      -0.44024464175589645     
   2.9729729729729728      -0.43364854730587393     
   2.9789789789789789      -0.42713847402212318     
   2.9849849849849850      -0.42071354171487391     
   2.9909909909909911      -0.41437287450086263     
   2.9969969969969972      -0.40811560088802284     
   3.0030030030030028      -0.40194085385709227     
   3.0090090090090089      -0.39584777094018192     
   3.0150150150150150      -0.38983549429637571     
   3.0210210210210211      -0.38390317078440178     
   3.0270270270270272      -0.37804995203243136     
   3.0330330330330328      -0.37227499450506280     
   3.0390390390390389      -0.36657745956753152     
   3.0450450450450450      -0.36095651354721547     
   3.0510510510510511      -0.35541132779246487     
   3.0570570570570572      -0.34994107872882219     
   3.0630630630630629      -0.34454494791268053     
   3.0690690690690690      -0.33922212208242203     
   3.0750750750750750      -0.33397179320709269     
   3.0810810810810811      -0.32879315853266161     
   3.0870870870870872      -0.32368542062590555     
   3.0930930930930929      -0.31864778741597583     
   3.0990990990990990      -0.31367947223368481     
   3.1051051051051051      -0.30877969384857062     
   3.1111111111111112      -0.30394767650376925     
   3.1171171171171173      -0.29918264994875460     
   3.1231231231231229      -0.29448384946998318     
   3.1291291291291290      -0.28985051591948952     
   3.1351351351351351      -0.28528189574147678     
   3.1411411411411412      -0.28077724099694196     
   3.1471471471471473      -0.27633580938638552     
   3.1531531531531529      -0.27195686427064003     
   3.1591591591591590      -0.26763967468986338     
   3.1651651651651651      -0.26338351538073740     
   3.1711711711711712      -0.25918766679191063     
   3.1771771771771773      -0.25505141509772838     
   3.1831831831831829      -0.25097405221028363     
   3.1891891891891890      -0.24695487578983560     
   3.1951951951951951      -0.24299318925362745     
   3.2012012012012012      -0.23908830178314527     
   3.2072072072072073      -0.23523952832985306     
   3.2132132132132134      -0.23144618961944316     
   3.2192192192192191      -0.22770761215463453     
   3.2252252252252251      -0.22402312821655831     
   3.2312312312312312      -0.22039207586476556     
   3.2372372372372373      -0.21681379893589009     
   3.2432432432432434      -0.21328764704099984     
   3.2492492492492491      -0.20981297556167472     
   3.2552552552552552      -0.20638914564483943     
   3.2612612612612613      -0.20301552419638871     
   3.2672672672672673      -0.19969148387363117     
   3.2732732732732734      -0.19641640307659017     
   3.2792792792792791      -0.19318966593818721     
   3.2852852852852852      -0.19001066231334138     
   3.2912912912912913      -0.18687878776701644     
   3.2972972972972974      -0.18379344356124233     
   3.3033033033033035      -0.18075403664113993     
   3.3093093093093091      -0.17775997961998322     
   3.3153153153153152      -0.17481069076331962     
   3.3213213213213213      -0.17190559397218358     
   3.3273273273273274      -0.16904411876542574     
   3.3333333333333335      -0.16622570026118461     
   3.3393393393393391      -0.16344977915753325     
   3.3453453453453452      -0.16071580171231820     
   3.3513513513513513      -0.15802321972222322     
   3.3573573573573574      -0.15537149050107951     
   3.3633633633633635      -0.15276007685744800     
   3.3693693693693691      -0.15018844707149795     
   3.3753753753753752      -0.14765607487120377     
   3.3813813813813813      -0.14516243940788942     
   3.3873873873873874      -0.14270702523113440     
   3.3933933933933935      -0.14028932226307142     
   3.3993993993993992      -0.13790882577209401     
   3.4054054054054053      -0.13556503634599565     
   3.4114114114114114      -0.13325745986456575     
   3.4174174174174174      -0.13098560747165683     
   3.4234234234234235      -0.12874899554674862     
   3.4294294294294292      -0.12654714567602768     
   3.4354354354354353      -0.12437958462300054     
   3.4414414414414414      -0.12224584429866298     
   3.4474474474474475      -0.12014546173124024     
   3.4534534534534536      -0.11807797903551999     
   3.4594594594594597      -0.11604294338179581     
   3.4654654654654653      -0.11403990696443696     
   3.4714714714714714      -0.11206842697010294     
   3.4774774774774775      -0.11012806554562217     
   3.4834834834834836      -0.10821838976554672     
   3.4894894894894897      -0.10633897159940442     
   3.4954954954954953      -0.10448938787866104     
   3.5015015015015014      -0.10266922026340916     
   3.5075075075075075      -0.10087805520879953     
   3.5135135135135136       -9.9115483931230111E-002
   3.5195195195195197       -9.7381102374305833E-002
   3.5255255255255253       -9.5674511174584906E-002
   3.5315315315315314       -9.3995315627126139E-002
   3.5375375375375375       -9.2343125650848956E-002
   3.5435435435435436       -9.0717555753721243E-002
   3.5495495495495497       -8.9118224997788459E-002
   3.5555555555555554       -8.7544756964054254E-002
   3.5615615615615615       -8.5996779717227675E-002
   3.5675675675675675       -8.4473925770348859E-002
   3.5735735735735736       -8.2975832049303644E-002
   3.5795795795795797       -8.1502139857240086E-002
   3.5855855855855854       -8.0052494838897176E-002
   3.5915915915915915       -7.8626546944858322E-002
   3.5975975975975976       -7.7223950395738913E-002
   3.6036036036036037       -7.5844363646319413E-002
   3.6096096096096097       -7.4487449349633181E-002
   3.6156156156156154       -7.3152874321021327E-002
   3.6216216216216215       -7.1840309502160180E-002
   3.6276276276276276       -7.0549429925077192E-002
   3.6336336336336337       -6.9279914676156920E-002
   3.6396396396396398       -6.8031446860153041E-002
   3.6456456456456454       -6.6803713564210665E-002
   3.6516516516516515       -6.5596405821908316E-002
   3.6576576576576576       -6.4409218577331270E-002
   3.6636636636636637       -6.3241850649178033E-002
   3.6696696696696698       -6.2094004694914426E-002
   3.6756756756756754       -6.0965387174977757E-002
   3.6816816816816815       -5.9855708317041442E-002
   3.6876876876876876       -5.8764682080346881E-002
   3.6936936936936937       -5.7692026120108104E-002
   3.6996996996996998       -5.6637461751997971E-002
   3.7057057057057055       -5.5600713916720584E-002
   3.7117117117117115       -5.4581511144677942E-002
   3.7177177177177176       -5.3579585520736731E-002
   3.7237237237237237       -5.2594672649099797E-002
   3.7297297297297298       -5.1626511618289704E-002
   3.7357357357357359       -5.0674844966250007E-002
   3.7417417417417416       -4.9739418645568426E-002
   3.7477477477477477       -4.8819981988828386E-002
   3.7537537537537538       -4.7916287674093588E-002
   3.7597597597597598       -4.7028091690530488E-002
   3.7657657657657659       -4.6155153304173122E-002
   3.7717717717717716       -4.5297235023836278E-002
   3.7777777777777777       -4.4454102567179375E-002
   3.7837837837837838       -4.3625524826927074E-002
   3.7897897897897899       -4.2811273837249433E-002
   3.7957957957957960       -4.2011124740307181E-002
   3.8018018018018016       -4.1224855752963925E-002
   3.8078078078078077       -4.0452248133670585E-002
   3.8138138138138138       -3.9693086149525075E-002
   3.8198198198198199       -3.8947157043509997E-002
   3.8258258258258260       -3.8214251001912801E-002
   3.8318318318318316       -3.7494161121930741E-002
   3.8378378378378377       -3.6786683379463357E-002
   3.8438438438438438       -3.6091616597096240E-002
   3.8498498498498499       -3.5408762412278291E-002
   3.8558558558558560       -3.4737925245694787E-002
   3.8618618618618616       -3.4078912269839619E-002
   3.8678678678678677       -3.3431533377787891E-002
   3.8738738738738738       -3.2795601152172456E-002
   3.8798798798798799       -3.2170930834365563E-002
   3.8858858858858860       -3.1557340293867815E-002
   3.8918918918918917       -3.0954649997906852E-002
   3.8978978978978978       -3.0362682981246746E-002
   3.9039039039039038       -2.9781264816211007E-002
   3.9099099099099099       -2.9210223582919567E-002
   3.9159159159159160       -2.8649389839741721E-002
   3.9219219219219217       -2.8098596593967240E-002
   3.9279279279279278       -2.7557679272695382E-002
   3.9339339339339339       -2.7026475693944684E-002
   3.9399399399399400       -2.6504826037983330E-002
   3.9459459459459461       -2.5992572818882335E-002
   3.9519519519519517       -2.5489560856291296E-002
   3.9579579579579578       -2.4995637247438609E-002
   3.9639639639639639       -2.4510651339356700E-002
   3.9699699699699700       -2.4034454701332374E-002
   3.9759759759759761       -2.3566901097583831E-002
   3.9819819819819822       -2.3107846460164505E-002
   3.9879879879879878       -2.2657148862093985E-002
   3.9939939939939939       -2.2214668490716676E-002
   4.0000000000000000       -2.1780267621289182E-002
   4.0060060060060056       -2.1353810590795306E-002
   4.0120120120120122       -2.0935163771989899E-002
   4.0180180180180178       -2.0524195547672038E-002
   4.0240240240240244       -2.0120776285186274E-002
   4.0300300300300300       -1.9724778311153348E-002
   4.0360360360360357       -1.9336075886429584E-002
   4.0420420420420422       -1.8954545181294934E-002
   4.0480480480480479       -1.8580064250870304E-002
   4.0540540540540544       -1.8212513010762370E-002
   4.0600600600600600       -1.7851773212937683E-002
   4.0660660660660657       -1.7497728421823778E-002
   4.0720720720720722       -1.7150263990638272E-002
   4.0780780780780779       -1.6809267037945524E-002
   4.0840840840840844       -1.6474626424439046E-002
   4.0900900900900901       -1.6146232729951093E-002
   4.0960960960960957       -1.5823978230687478E-002
   4.1021021021021022       -1.5507756876687432E-002
   4.1081081081081079       -1.5197464269508442E-002
   4.1141141141141144       -1.4892997640134362E-002
   4.1201201201201201       -1.4594255827107072E-002
   4.1261261261261257       -1.4301139254880281E-002
   4.1321321321321323       -1.4013549912395078E-002
   4.1381381381381379       -1.3731391331876446E-002
   4.1441441441441444       -1.3454568567849323E-002
   4.1501501501501501       -1.3182988176374257E-002
   4.1561561561561557       -1.2916558194500790E-002
   4.1621621621621623       -1.2655188119938404E-002
   4.1681681681681679       -1.2398788890943742E-002
   4.1741741741741745       -1.2147272866422759E-002
   4.1801801801801801       -1.1900553806247615E-002
   4.1861861861861858       -1.1658546851786224E-002
   4.1921921921921923       -1.1421168506644453E-002
   4.1981981981981980       -1.1188336617619020E-002
   4.2042042042042045       -1.0959970355860117E-002
   4.2102102102102101       -1.0735990198243461E-002
   4.2162162162162158       -1.0516317908948879E-002
   4.2222222222222223       -1.0300876521246291E-002
   4.2282282282282280       -1.0089590319486155E-002
   4.2342342342342345       -9.8823848212941136E-003
   4.2402402402402402       -9.6791867599684365E-003
   4.2462462462462458       -9.4799240670784823E-003
   4.2522522522522523       -9.2845258552637418E-003
   4.2582582582582580       -9.0929224012314958E-003
   4.2642642642642645       -8.9050451289518669E-003
   4.2702702702702702       -8.7208265930494577E-003
   4.2762762762762758       -8.5402004623893468E-003
   4.2822822822822824       -8.3631015038569210E-003
   4.2882882882882880       -8.1894655663298458E-003
   4.2942942942942945       -8.0192295648404740E-003
   4.3003003003003002       -7.8523314649280099E-003
   4.3063063063063058       -7.6887102671783763E-003
   4.3123123123123124       -7.5283059919506118E-003
   4.3183183183183180       -7.3710596642888315E-003
   4.3243243243243246       -7.2169132990171567E-003
   4.3303303303303302       -7.0658098860177350E-003
   4.3363363363363359       -6.9176933756890111E-003
   4.3423423423423424       -6.7725086645836347E-003
   4.3483483483483480       -6.6302015812244415E-003
   4.3543543543543546       -6.4907188720965550E-003
   4.3603603603603602       -6.3540081878149584E-003
   4.3663663663663668       -6.2200180694652668E-003
   4.3723723723723724       -6.0886979351168187E-003
   4.3783783783783781       -5.9599980665063206E-003
   4.3843843843843846       -5.8338695958905567E-003
   4.3903903903903903       -5.7102644930669627E-003
   4.3963963963963968       -5.5891355525602244E-003
   4.4024024024024024       -5.4704363809736272E-003
   4.4084084084084081       -5.3541213845036718E-003
   4.4144144144144146       -5.2401457566163892E-003
   4.4204204204204203       -5.1284654658840158E-003
   4.4264264264264268       -5.0190372439803087E-003
   4.4324324324324325       -4.9118185738332874E-003
   4.4384384384384381       -4.8067676779336987E-003
   4.4444444444444446       -4.7038435067979154E-003
   4.4504504504504503       -4.6030057275836776E-003
   4.4564564564564568       -4.5042147128571295E-003
   4.4624624624624625       -4.4074315295099618E-003
   4.4684684684684681       -4.3126179278247540E-003
   4.4744744744744747       -4.2197363306875667E-003
   4.4804804804804803       -4.1287498229458574E-003
   4.4864864864864868       -4.0396221409105017E-003
   4.4924924924924925       -3.9523176620004929E-003
   4.4984984984984981       -3.8668013945286563E-003
   4.5045045045045047       -3.7830389676271796E-003
   4.5105105105105103       -3.7009966213113997E-003
   4.5165165165165169       -3.6206411966802836E-003
   4.5225225225225225       -3.5419401262524845E-003
   4.5285285285285282       -3.4648614244361998E-003
   4.5345345345345347       -3.3893736781316548E-003
   4.5405405405405403       -3.3154460374647567E-003
   4.5465465465465469       -3.2430482066502764E-003
   4.5525525525525525       -3.1721504349836258E-003
   4.5585585585585582       -3.1027235079592454E-003
   4.5645645645645647       -3.0347387385147831E-003
   4.5705705705705704       -2.9681679583992661E-003
   4.5765765765765769       -2.9029835096640480E-003
   4.5825825825825826       -2.8391582362752564E-003
   4.5885885885885882       -2.7766654758461379E-003
   4.5945945945945947       -2.7154790514881816E-003
   4.6006006006006004       -2.6555732637796115E-003
   4.6066066066066069       -2.5969228828497059E-003
   4.6126126126126126       -2.5395031405780082E-003
   4.6186186186186182       -2.4832897229067267E-003
   4.6246246246246248       -2.4282587622652041E-003
   4.6306306306306304       -2.3743868301051864E-003
   4.6366366366366369       -2.3216509295453758E-003
   4.6426426426426426       -2.2700284881242579E-003
   4.6486486486486482       -2.2194973506597412E-003
   4.6546546546546548       -2.1700357722143101E-003
   4.6606606606606604       -2.1216224111646766E-003
   4.6666666666666670       -2.0742363223742750E-003
   4.6726726726726726       -2.0278569504677967E-003
   4.6786786786786783       -1.9824641232061685E-003
   4.6846846846846848       -1.9380380449609432E-003
   4.6906906906906904       -1.8945592902868665E-003
   4.6966966966966970       -1.8520087975913023E-003
   4.7027027027027026       -1.8103678628994958E-003
   4.7087087087087083       -1.7696181337142868E-003
   4.7147147147147148       -1.7297416029692437E-003
   4.7207207207207205       -1.6907206030740125E-003
   4.7267267267267270       -1.6525378000506227E-003
   4.7327327327327327       -1.6151761877597926E-003
   4.7387387387387383       -1.5786190822158583E-003
   4.7447447447447448       -1.5428501159893884E-003
   4.7507507507507505       -1.5078532326962756E-003
   4.7567567567567570       -1.4736126815721679E-003
   4.7627627627627627       -1.4401130121312138E-003
   4.7687687687687683       -1.4073390689079534E-003
   4.7747747747747749       -1.3752759862812988E-003
   4.7807807807807805       -1.3439091833795888E-003
   4.7867867867867870       -1.3132243590655071E-003
   4.7927927927927927       -1.2832074869999919E-003
   4.7987987987987983       -1.2538448107839205E-003
   4.8048048048048049       -1.2251228391766762E-003
   4.8108108108108105       -1.1970283413904898E-003
   4.8168168168168171       -1.1695483424595265E-003
   4.8228228228228227       -1.1426701186828018E-003
   4.8288288288288284       -1.1163811931398256E-003
   4.8348348348348349       -1.0906693312780714E-003
   4.8408408408408405       -1.0655225365712533E-003
   4.8468468468468471       -1.0409290462474162E-003
   4.8528528528528527       -1.0168773270859762E-003
   4.8588588588588584       -9.9335607128263272E-004
   4.8648648648648649       -9.7035419238135627E-004
   4.8708708708708706       -9.4786082127240221E-004
   4.8768768768768771       -9.2586530225549223E-004
   4.8828828828828827       -9.0435718916727565E-004
   4.8888888888888893       -8.8332624157207271E-004
   4.8948948948948949       -8.6276242101515925E-004
   4.9009009009009006       -8.4265588733756008E-004
   4.9069069069069071       -8.2299699505158236E-004
   4.9129129129129128       -8.0377628977620712E-004
   4.9189189189189193       -7.8498450473141754E-004
   4.9249249249249250       -7.6661255729075549E-004
   4.9309309309309306       -7.4865154559111745E-004
   4.9369369369369371       -7.3109274519908769E-004
   4.9429429429429428       -7.1392760583295146E-004
   4.9489489489489493       -6.9714774813952403E-004
   4.9549549549549550       -6.8074496052512618E-004
   4.9609609609609606       -6.6471119603978088E-004
   4.9669669669669672       -6.4903856931394441E-004
   4.9729729729729728       -6.3371935354697938E-004
   4.9789789789789793       -6.1874597754656580E-004
   4.9849849849849850       -6.0411102281838027E-004
   4.9909909909909906       -5.8980722070521010E-004
   4.9969969969969972       -5.7582744957483320E-004
   5.0030030030030028       -5.6216473205591175E-004
   5.0090090090090094       -5.4881223232117009E-004
   5.0150150150150150       -5.3576325341718922E-004
   5.0210210210210207       -5.2301123464005748E-004
   5.0270270270270272       -5.1054974895623731E-004
   5.0330330330330328       -4.9837250046795459E-004
   5.0390390390390394       -4.8647332192239940E-004
   5.0450450450450450       -4.7484617226412290E-004
   5.0510510510510507       -4.6348513422992673E-004
   5.0570570570570572       -4.5238441198562976E-004
   5.0630630630630629       -4.4153832880404492E-004
   5.0690690690690694       -4.3094132478354647E-004
   5.0750750750750750       -4.2058795460659071E-004
   5.0810810810810807       -4.1047288533757658E-004
   5.0870870870870872       -4.0059089425944090E-004
   5.0930930930930929       -3.9093686674837629E-004
   5.0990990990990994       -3.8150579418607473E-004
   5.1051051051051051       -3.7229277190892798E-004
   5.1111111111111107       -3.6329299719357612E-004
   5.1171171171171173       -3.5450176727825722E-004
   5.1231231231231229       -3.4591447741938360E-004
   5.1291291291291294       -3.3752661898277855E-004
   5.1351351351351351       -3.2933377756904606E-004
   5.1411411411411407       -3.2133163117249351E-004
   5.1471471471471473       -3.1351594837311886E-004
   5.1531531531531529       -3.0588258656110117E-004
   5.1591591591591595       -2.9842749019326535E-004
   5.1651651651651651       -2.9114668908105360E-004
   5.1711711711711708       -2.8403629670942980E-004
   5.1771771771771773       -2.7709250858628105E-004
   5.1831831831831829       -2.7031160062177987E-004
   5.1891891891891895       -2.6368992753722606E-004
   5.1951951951951951       -2.5722392130291449E-004
   5.2012012012012008       -2.5091008960451301E-004
   5.2072072072072073       -2.4474501433752383E-004
   5.2132132132132130       -2.3872535012934150E-004
   5.2192192192192195       -2.3284782288845782E-004
   5.2252252252252251       -2.2710922838038131E-004
   5.2312312312312308       -2.2150643082980250E-004
   5.2372372372372373       -2.1603636154859682E-004
   5.2432432432432430       -2.1069601758921862E-004
   5.2492492492492495       -2.0548246042306639E-004
   5.2552552552552552       -2.0039281464340883E-004
   5.2612612612612608       -1.9542426669245366E-004
   5.2672672672672673       -1.9057406361215138E-004
   5.2732732732732730       -1.8583951181835165E-004
   5.2792792792792795       -1.8121797589788817E-004
   5.2852852852852852       -1.7670687742824193E-004
   5.2912912912912908       -1.7230369381936555E-004
   5.2972972972972974       -1.6800595717731282E-004
   5.3033033033033030       -1.6381125318930403E-004
   5.3093093093093096       -1.5971722002983799E-004
   5.3153153153153152       -1.5572154728752476E-004
   5.3213213213213209       -1.5182197491225169E-004
   5.3273273273273274       -1.4801629218235725E-004
   5.3333333333333330       -1.4430233669145492E-004
   5.3393393393393396       -1.4067799335456798E-004
   5.3453453453453452       -1.3714119343325259E-004
   5.3513513513513509       -1.3368991357936400E-004
   5.3573573573573574       -1.3032217489715279E-004
   5.3633633633633631       -1.2703604202337238E-004
   5.3693693693693696       -1.2382962222507105E-004
   5.3753753753753752       -1.2070106451477693E-004
   5.3813813813813809       -1.1764855878275476E-004
   5.3873873873873874       -1.1467033494604440E-004
   5.3933933933933931       -1.1176466211398106E-004
   5.3993993993993996       -1.0892984776990885E-004
   5.4054054054054053       -1.0616423696879866E-004
   5.4114114114114118       -1.0346621155048915E-004
   5.4174174174174174       -1.0083418936827356E-004
   5.4234234234234231       -9.8266623532559607E-005
   5.4294294294294296       -9.5762001669333395E-005
   5.4354354354354353       -9.3318845193161718E-005
   5.4414414414414418       -9.0935708594468254E-005
   5.4474474474474475       -8.8611178740839847E-005
   5.4534534534534531       -8.6343874192093209E-005
   5.4594594594594597       -8.4132444528868360E-005
   5.4654654654654653       -8.1975569694497536E-005
   5.4714714714714718       -7.9871959349905040E-005
   5.4774774774774775       -7.7820352241315201E-005
   5.4834834834834831       -7.5819515580517435E-005
   5.4894894894894897       -7.3868244437475447E-005
   5.4954954954954953       -7.1965361145046519E-005
   5.5015015015015019       -7.0109714715588337E-005
   5.5075075075075075       -6.8300180269242560E-005
   5.5135135135135132       -6.6535658473671516E-005
   5.5195195195195197       -6.4815074995046288E-005
   5.5255255255255253       -6.3137379960070082E-005
   5.5315315315315319       -6.1501547428837822E-005
   5.5375375375375375       -5.9906574878330397E-005
   5.5435435435435432       -5.8351482696346277E-005
   5.5495495495495497       -5.6835313685672802E-005
   5.5555555555555554       -5.5357132578313818E-005
   5.5615615615615619       -5.3916025559576621E-005
   5.5675675675675675       -5.2511099801840999E-005
   5.5735735735735732       -5.1141483007825587E-005
   5.5795795795795797       -4.9806322963172458E-005
   5.5855855855855854       -4.8504787098179163E-005
   5.5915915915915919       -4.7236062058495651E-005
   5.5975975975975976       -4.5999353284630823E-005
   5.6036036036036032       -4.4793884600088170E-005
   5.6096096096096097       -4.3618897807975874E-005
   5.6156156156156154       -4.2473652295927909E-005
   5.6216216216216219       -4.1357424649173427E-005
   5.6276276276276276       -4.0269508271606935E-005
   5.6336336336336332       -3.9209213014699701E-005
   5.6396396396396398       -3.8175864814104565E-005
   5.6456456456456454       -3.7168805333808674E-005
   5.6516516516516520       -3.6187391617682528E-005
   5.6576576576576576       -3.5230995748292218E-005
   5.6636636636636633       -3.4299004512825550E-005
   5.6696696696696698       -3.3390819076000259E-005
   5.6756756756756754       -3.2505854659818368E-005
   5.6816816816816820       -3.1643540230029570E-005
   5.6876876876876876       -3.0803318189179685E-005
   5.6936936936936933       -2.9984644076110736E-005
   5.6996996996996998       -2.9186986271788904E-005
   5.7057057057057055       -2.8409825711337051E-005
   5.7117117117117120       -2.7652655602147852E-005
   5.7177177177177176       -2.6914981147961959E-005
   5.7237237237237233       -2.6196319278789829E-005
   5.7297297297297298       -2.5496198386565545E-005
   5.7357357357357355       -2.4814158066418034E-005
   5.7417417417417420       -2.4149748863447139E-005
   5.7477477477477477       -2.3502532024899270E-005
   5.7537537537537533       -2.2872079257631613E-005
   5.7597597597597598       -2.2257972490762161E-005
   5.7657657657657655       -2.1659803643402565E-005
   5.7717717717717720       -2.1077174397369370E-005
   5.7777777777777777       -2.0509695974778344E-005
   5.7837837837837833       -1.9956988920421043E-005
   5.7897897897897899       -1.9418682888829190E-005
   5.7957957957957955       -1.8894416435932744E-005
   5.8018018018018020       -1.8383836815217163E-005
   5.8078078078078077       -1.7886599778293211E-005
   5.8138138138138133       -1.7402369379785684E-005
   5.8198198198198199       -1.6930817786457071E-005
   5.8258258258258255       -1.6471625090478950E-005
   5.8318318318318321       -1.6024479126766082E-005
   5.8378378378378377       -1.5589075294293040E-005
   5.8438438438438434       -1.5165116381309812E-005
   5.8498498498498499       -1.4752312394377902E-005
   5.8558558558558556       -1.4350380391149655E-005
   5.8618618618618621       -1.3959044316811723E-005
   5.8678678678678677       -1.3578034844120417E-005
   5.8738738738738734       -1.3207089216953408E-005
   5.8798798798798799       -1.2845951097305581E-005
   5.8858858858858856       -1.2494370415659199E-005
   5.8918918918918921       -1.2152103224656184E-005
   5.8978978978978978       -1.1818911556007856E-005
   5.9039039039039043       -1.1494563280571606E-005
   5.9099099099099099       -1.1178831971531197E-005
   5.9159159159159156       -1.0871496770614463E-005
   5.9219219219219221       -1.0572342257286727E-005
   5.9279279279279278       -1.0281158320856667E-005
   5.9339339339339343       -9.9977400354344208E-006
   5.9399399399399400       -9.7218875376822664E-006
   5.9459459459459456       -9.4534059072985676E-006
   5.9519519519519521       -9.1921050501790754E-006
   5.9579579579579578       -8.9377995841979224E-006
   5.9639639639639643       -8.6903087275536805E-006
   5.9699699699699700       -8.4494561896267743E-006
   5.9759759759759756       -8.2150700642941256E-006
   5.9819819819819822       -7.9869827256503687E-006
   5.9879879879879878       -7.7650307260835150E-006
   5.9939939939939944       -7.5490546966557452E-006
   6.0000000000000000       -7.3388992497400174E-006
