   0.0000000000000000        24.515763952399453     
   6.0000000000000001E-003   24.477282936095875     
   1.2000000000000000E-002   24.434499726643057     
   1.8000000000000002E-002   24.387095300459720     
   2.4000000000000000E-002   24.335422596050677     
   2.9999999999999999E-002   24.280117179691587     
   3.6000000000000004E-002   24.220740851930053     
   4.2000000000000003E-002   24.156680539808690     
   4.8000000000000001E-002   24.088465261786681     
   5.3999999999999999E-002   24.016592110427879     
   5.9999999999999998E-002   23.940716961685624     
   6.6000000000000003E-002   23.860579783456771     
   7.2000000000000008E-002   23.776271849966172     
   7.8000000000000000E-002   23.687845813695095     
   8.4000000000000005E-002   23.595278714611887     
   8.9999999999999997E-002   23.498548370218579     
   9.6000000000000002E-002   23.397640514324678     
  0.10200000000000001        23.292573472018823     
  0.10800000000000000        23.183400966729756     
  0.11400000000000000        23.070264943020778     
  0.12000000000000000        22.953263221208431     
  0.12600000000000000        22.832306928395873     
  0.13200000000000001        22.707488908827834     
  0.13800000000000001        22.579249495352315     
  0.14400000000000002        22.447432855899855     
  0.14999999999999999        22.311253567926617     
  0.15600000000000000        22.171036805383999     
  0.16200000000000001        22.027800411127529     
  0.16800000000000001        21.881404580786700     
  0.17400000000000002        21.731276241308365     
  0.17999999999999999        21.577415536974542     
  0.18600000000000000        21.420010103072503     
  0.19200000000000000        21.259292979113432     
  0.19800000000000001        21.095368649387517     
  0.20400000000000001        20.928097567479398     
  0.20999999999999999        20.757589480316085     
  0.21600000000000000        20.584252101442551     
  0.22200000000000000        20.408053546815943     
  0.22800000000000001        20.228677679649429     
  0.23400000000000001        20.046386384067219     
  0.23999999999999999        19.861585393451293     
  0.24600000000000000        19.673922852642818     
  0.25200000000000000        19.483111760297781     
  0.25800000000000001        19.289806725889264     
  0.26400000000000001        19.094419304772639     
  0.27000000000000002        18.896542159343888     
  0.27600000000000002        18.696139391430979     
  0.28200000000000003        18.493729539479602     
  0.28800000000000003        18.289257191418361     
  0.29399999999999998        18.082249556926570     
  0.29999999999999999        17.873017275940651     
  0.30599999999999999        17.662152446472476     
  0.31200000000000000        17.449467342065752     
  0.31800000000000000        17.234690529447974     
  0.32400000000000001        17.018145648560683     
  0.33000000000000002        16.800115748570221     
  0.33600000000000002        16.580546854371445     
  0.34200000000000003        16.359504988946473     
  0.34800000000000003        16.137259702332639     
  0.35399999999999998        15.913884075541908     
  0.35999999999999999        15.689285748491148     
  0.36599999999999999        15.463536588227722     
  0.37200000000000000        15.236763754461432     
  0.37800000000000000        15.008859722180965     
  0.38400000000000001        14.779824967634926     
  0.39000000000000001        14.550340563766113     
  0.39600000000000002        14.320760602485063     
  0.40200000000000002        14.090393277620347     
  0.40800000000000003        13.858976339751134     
  0.41400000000000003        13.627051500417318     
  0.41999999999999998        13.395089042164814     
  0.42599999999999999        13.163381432453255     
  0.43200000000000000        12.931642207519721     
  0.43800000000000000        12.699356696448941     
  0.44400000000000001        12.466735157630369     
  0.45000000000000001        12.234184189782319     
  0.45600000000000002        12.001795937241873     
  0.46200000000000002        11.769694208982800     
  0.46800000000000003        11.538245310530721     
  0.47400000000000003        11.307436532029911     
  0.47999999999999998        11.076664482261663     
  0.48599999999999999        10.845980960279050     
  0.49199999999999999        10.616077701749496     
  0.49800000000000000        10.387091610899581     
  0.50400000000000000        10.158818013165778     
  0.51000000000000001        9.9312572482487358     
  0.51600000000000001        9.7044958787547042     
  0.52200000000000002        9.4786240028358293     
  0.52800000000000002        9.2537427706865412     
  0.53400000000000003        9.0299791202905819     
  0.54000000000000004        8.8073550510609238     
  0.54600000000000004        8.5857270693452161     
  0.55200000000000005        8.3651086730792521     
  0.55800000000000005        8.1456844899467118     
  0.56400000000000006        7.9275398854294412     
  0.57000000000000006        7.7106881881207894     
  0.57600000000000007        7.4951703577141160     
  0.58199999999999996        7.2810597763599620     
  0.58799999999999997        7.0684922294087151     
  0.59399999999999997        6.8575483509979627     
  0.59999999999999998        6.6481253849265025     
  0.60599999999999998        6.4401698066036550     
  0.61199999999999999        6.2337641033052948     
  0.61799999999999999        6.0290032774250442     
  0.62400000000000000        5.8259739321507205     
  0.63000000000000000        5.6246642165746916     
  0.63600000000000001        5.4250185304025909     
  0.64200000000000002        5.2271840424295579     
  0.64800000000000002        5.0313260406660198     
  0.65400000000000003        4.8372657452495815     
  0.66000000000000003        4.6448450148007883     
  0.66600000000000004        4.4542462670149749     
  0.67200000000000004        4.2656009237578427     
  0.67800000000000005        4.0788441400460904     
  0.68400000000000005        3.8939785187188378     
  0.69000000000000006        3.7111037828650981     
  0.69600000000000006        3.5302897412611882     
  0.70200000000000007        3.3515710333540354     
  0.70799999999999996        3.1748935195366812     
  0.71399999999999997        3.0001810007346088     
  0.71999999999999997        2.8274662204555034     
  0.72599999999999998        2.6567852025166583     
  0.73199999999999998        2.4880863794642218     
  0.73799999999999999        2.3213910453806914     
  0.74399999999999999        2.1568839111042974     
  0.75000000000000000        1.9945414842289866     
  0.75600000000000001        1.8340833609062974     
  0.76200000000000001        1.6755072689094916     
  0.76800000000000002        1.5190279440522971     
  0.77400000000000002        1.3646500061188975     
  0.78000000000000003        1.2122771982310514     
  0.78600000000000003        1.0618881883347200     
  0.79200000000000004       0.91350961271305220     
  0.79800000000000004       0.76724288218044112     
  0.80400000000000005       0.62311221863030841     
  0.81000000000000005       0.48095847008977444     
  0.81600000000000006       0.34071738338108748     
  0.82200000000000006       0.20247565594712924     
  0.82800000000000007        6.6261135622354139E-002
  0.83399999999999996       -6.7957002092624563E-002
  0.83999999999999997      -0.20020517489416267     
  0.84599999999999997      -0.33049294364498927     
  0.85199999999999998      -0.45876451509915750     
  0.85799999999999998      -0.58498633187855020     
  0.86399999999999999      -0.70927298520290094     
  0.87000000000000000      -0.83170613088790635     
  0.87600000000000000      -0.95222659148105837     
  0.88200000000000001       -1.0708035988469886     
  0.88800000000000001       -1.1874695734947824     
  0.89400000000000002       -1.3022331133149967     
  0.90000000000000002       -1.4150770680869087     
  0.90600000000000003       -1.5259785097216136     
  0.91200000000000003       -1.6349303253359508     
  0.91800000000000004       -1.7420332791392426     
  0.92400000000000004       -1.8473847264628951     
  0.93000000000000005       -1.9509308539189343     
  0.93600000000000005       -2.0526186282168943     
  0.94200000000000006       -2.1524766835682110     
  0.94800000000000006       -2.2505394544632251     
  0.95400000000000007       -2.3468293077881848     
  0.95999999999999996       -2.4413386704173181     
  0.96599999999999997       -2.5340385412649846     
  0.97199999999999998       -2.6249619372780071     
  0.97799999999999998       -2.7141778963427772     
  0.98399999999999999       -2.8017337136376534     
  0.98999999999999999       -2.8876469321106741     
  0.99600000000000000       -2.9718512076720964     
   1.0020000000000000       -3.0543470993122117     
   1.0080000000000000       -3.1353453505215017     
   1.0140000000000000       -3.2147637772267119     
   1.0200000000000000       -3.2920484486180586     
   1.0260000000000000       -3.3673491560954334     
   1.0320000000000000       -3.4414936116925228     
   1.0380000000000000       -3.5144873690954253     
   1.0440000000000000       -3.5858254647911227     
   1.0500000000000000       -3.6554532158683353     
   1.0560000000000000       -3.7235074218114050     
   1.0620000000000001       -3.7900994854743271     
   1.0680000000000001       -3.8551907168475834     
   1.0740000000000001       -3.9183791447526879     
   1.0800000000000001       -3.9796550693640542     
   1.0860000000000001       -4.0397218485846276     
   1.0920000000000001       -4.0987306225821039     
   1.0980000000000001       -4.1561934148228588     
   1.1040000000000001       -4.2120828508539638     
   1.1100000000000001       -4.2666529188738664     
   1.1160000000000001       -4.3196651457279183     
   1.1220000000000001       -4.3708214022128402     
   1.1280000000000001       -4.4205478009268671     
   1.1340000000000001       -4.4692482576406878     
   1.1400000000000001       -4.5166989437221314     
   1.1460000000000001       -4.5627019086132385     
   1.1520000000000001       -4.6072989098546078     
   1.1579999999999999       -4.6505576371587800     
   1.1639999999999999       -4.6925354433066211     
   1.1699999999999999       -4.7331156243535659     
   1.1759999999999999       -4.7721064088992193     
   1.1819999999999999       -4.8097301251897679     
   1.1879999999999999       -4.8463195880072574     
   1.1940000000000000       -4.8817908229066242     
   1.2000000000000000       -4.9159967198728651     
   1.2060000000000000       -4.9489798161224900     
   1.2120000000000000       -4.9807268092825119     
   1.2180000000000000       -5.0110630583039253     
   1.2240000000000000       -5.0400431875730511     
   1.2300000000000000       -5.0679961332220813     
   1.2360000000000000       -5.0949463065412717     
   1.2420000000000000       -5.1206841155972658     
   1.2480000000000000       -5.1452077582757809     
   1.2540000000000000       -5.1686118628424351     
   1.2600000000000000       -5.1909166409245735     
   1.2660000000000000       -5.2120990093268444     
   1.2720000000000000       -5.2320768807148479     
   1.2780000000000000       -5.2508471273813617     
   1.2840000000000000       -5.2685788932831885     
   1.2900000000000000       -5.2853484418695693     
   1.2960000000000000       -5.3010905550139533     
   1.3020000000000000       -5.3157671797406838     
   1.3080000000000001       -5.3293715949957718     
   1.3140000000000001       -5.3419053030561159     
   1.3200000000000001       -5.3533868580147814     
   1.3260000000000001       -5.3639047312680894     
   1.3320000000000001       -5.3735295218054251     
   1.3380000000000001       -5.3821895299704732     
   1.3440000000000001       -5.3898436255986475     
   1.3500000000000001       -5.3965799126093463     
   1.3560000000000001       -5.4024484972464020     
   1.3620000000000001       -5.4074258759430380     
   1.3680000000000001       -5.4115055346836458     
   1.3740000000000001       -5.4147022948107022     
   1.3800000000000001       -5.4170490329134253     
   1.3860000000000001       -5.4185832501320785     
   1.3920000000000001       -5.4193112195772253     
   1.3980000000000001       -5.4192324074119966     
   1.4040000000000001       -5.4183643068285523     
   1.4099999999999999       -5.4167275365340632     
   1.4159999999999999       -5.4143364755565324     
   1.4219999999999999       -5.4112069057668881     
   1.4279999999999999       -5.4073603507501877     
   1.4339999999999999       -5.4027974271325983     
   1.4399999999999999       -5.3974999879665404     
   1.4460000000000000       -5.3914675799693281     
   1.4520000000000000       -5.3847139437540701     
   1.4580000000000000       -5.3772704970667995     
   1.4640000000000000       -5.3691741592164348     
   1.4700000000000000       -5.3604565479895623     
   1.4760000000000000       -5.3511144821521572     
   1.4820000000000000       -5.3410679396763321     
   1.4880000000000000       -5.3303091855315516     
   1.4940000000000000       -5.3189548916719964     
   1.5000000000000000       -5.3070220915595225     
   1.5060000000000000       -5.2944253754172221     
   1.5120000000000000       -5.2811689891958853     
   1.5180000000000000       -5.2673238075700617     
   1.5240000000000000       -5.2530000000000001     
   1.5300000000000000       -5.2382657083271287     
   1.5360000000000000       -5.2229590537264752     
   1.5420000000000000       -5.2069608877931977     
   1.5480000000000000       -5.1904086660187536     
   1.5540000000000000       -5.1733915828287556     
   1.5600000000000001       -5.1558593924049809     
   1.5660000000000001       -5.1378702131381147     
   1.5720000000000001       -5.1195872787506165     
   1.5780000000000001       -5.1009083223221641     
   1.5840000000000001       -5.0815961500806006     
   1.5900000000000001       -5.0617666757337094     
   1.5960000000000001       -5.0416342799584557     
   1.6020000000000001       -5.0211422752927897     
   1.6080000000000001       -5.0002041861395874     
   1.6140000000000001       -4.9788559139443951     
   1.6200000000000001       -4.9571698437489147     
   1.6260000000000001       -4.9352404289923140     
   1.6320000000000001       -4.9130285689440862     
   1.6380000000000001       -4.8903604596572396     
   1.6440000000000001       -4.8672502051210316     
   1.6500000000000001       -4.8438355995709692     
   1.6560000000000001       -4.8200971567022997     
   1.6620000000000001       -4.7959841022473215     
   1.6679999999999999       -4.7716580901504919     
   1.6739999999999999       -4.7472223285764095     
   1.6799999999999999       -4.7224427827157713     
   1.6859999999999999       -4.6971788461136352     
   1.6919999999999999       -4.6715712551443414     
   1.6980000000000000       -4.6457131123382194     
   1.7040000000000000       -4.6196026447772347     
   1.7100000000000000       -4.5932061297716302     
   1.7160000000000000       -4.5664903584041232     
   1.7220000000000000       -4.5395940411779687     
   1.7280000000000000       -4.5126694735006705     
   1.7340000000000000       -4.4855218858301171     
   1.7400000000000000       -4.4579592835080772     
   1.7460000000000000       -4.4301281378835142     
   1.7520000000000000       -4.4021371875313724     
   1.7580000000000000       -4.3738982479760322     
   1.7640000000000000       -4.3454555017254410     
   1.7700000000000000       -4.3170276698005168     
   1.7760000000000000       -4.2885442547868582     
   1.7820000000000000       -4.2597300534752307     
   1.7880000000000000       -4.2306195088217944     
   1.7940000000000000       -4.2013862531865271     
   1.8000000000000000       -4.1720390275384522     
   1.8060000000000000       -4.1425367380381468     
   1.8120000000000001       -4.1128589111297913     
   1.8180000000000001       -4.0830587620921923     
   1.8240000000000001       -4.0533254261433491     
   1.8300000000000001       -4.0236335984683285     
   1.8360000000000001       -3.9936725540082811     
   1.8420000000000001       -3.9634029407518909     
   1.8480000000000001       -3.9330228637217344     
   1.8540000000000001       -3.9025621817258638     
   1.8600000000000001       -3.8719772420614404     
   1.8660000000000001       -3.8413716264971729     
   1.8720000000000001       -3.8108231740002987     
   1.8780000000000001       -3.7801414253437100     
   1.8840000000000001       -3.7491907695748168     
   1.8900000000000001       -3.7180853260202182     
   1.8960000000000001       -3.6868954637135429     
   1.9020000000000001       -3.6555814339528201     
   1.9080000000000001       -3.6241463923278934     
   1.9140000000000001       -3.5926468011357158     
   1.9199999999999999       -3.5611851316294967     
   1.9259999999999999       -3.5298483591218499     
   1.9319999999999999       -3.4984754509082063     
   1.9379999999999999       -3.4668874154196718     
   1.9440000000000000       -3.4351876018524310     
   1.9500000000000000       -3.4034953095346161     
   1.9560000000000000       -3.3718111356940099     
   1.9620000000000000       -3.3401992004803560     
   1.9680000000000000       -3.3088311061519917     
   1.9740000000000000       -3.2776240467361961     
   1.9800000000000000       -3.2462738647615472     
   1.9860000000000000       -3.2148299360089498     
   1.9920000000000000       -3.1835386017166769     
   1.9980000000000000       -3.1524000000000001     
   2.0040000000000000       -3.1213334698264941     
   2.0100000000000002       -3.0903404510611270     
   2.0160000000000000       -3.0594909553126994     
   2.0220000000000002       -3.0289772523662961     
   2.0280000000000000       -2.9987871989678703     
   2.0340000000000003       -2.9685751927649622     
   2.0400000000000000       -2.9382771087249466     
   2.0460000000000003       -2.9081357229171956     
   2.0520000000000000       -2.8781811087302218     
   2.0579999999999998       -2.8483218282776201     
   2.0640000000000001       -2.8186906124021935     
   2.0699999999999998       -2.7894299890439171     
   2.0760000000000001       -2.7603150207355389     
   2.0819999999999999       -2.7311550697010833     
   2.0880000000000001       -2.7021115235594722     
   2.0939999999999999       -2.6732970415074115     
   2.1000000000000001       -2.6446438422365217     
   2.1059999999999999       -2.6161206518471234     
   2.1120000000000001       -2.5877604790943365     
   2.1179999999999999       -2.5596714026785046     
   2.1240000000000001       -2.5319704866282713     
   2.1299999999999999       -2.5044750357795662     
   2.1360000000000001       -2.4769474730857981     
   2.1419999999999999       -2.4495110965278859     
   2.1480000000000001       -2.4223299845634427     
   2.1539999999999999       -2.3953879121586437     
   2.1600000000000001       -2.3686409335982939     
   2.1659999999999999       -2.3420560511574182     
   2.1720000000000002       -2.3157024042289627     
   2.1779999999999999       -2.2897448361565638     
   2.1840000000000002       -2.2640792969898591     
   2.1899999999999999       -2.2384399579077998     
   2.1960000000000002       -2.2128940352771815     
   2.2020000000000000       -2.1876286312540709     
   2.2080000000000002       -2.1626055845774239     
   2.2140000000000000       -2.1377844086139204     
   2.2200000000000002       -2.1133216965820263     
   2.2260000000000000       -2.0892546194093162     
   2.2320000000000002       -2.0653366660554502     
   2.2380000000000000       -2.0414836474900739     
   2.2440000000000002       -2.0178443072267278     
   2.2500000000000000       -1.9944925110389111     
   2.2560000000000002       -1.9714264160092529     
   2.2620000000000000       -1.9485944701623237     
   2.2680000000000002       -1.9259569401377790     
   2.2740000000000000       -1.9036598934748961     
   2.2800000000000002       -1.8818023366312930     
   2.2860000000000000       -1.8601516791114276     
   2.2920000000000003       -1.8385612506534776     
   2.2980000000000000       -1.8171873635692117     
   2.3040000000000003       -1.7960875236054219     
   2.3100000000000001       -1.7751533299257538     
   2.3159999999999998       -1.7544523180870384     
   2.3220000000000001       -1.7341768872982191     
   2.3279999999999998       -1.7142199829048259     
   2.3340000000000001       -1.6943561777433962     
   2.3399999999999999       -1.6746179817503306     
   2.3460000000000001       -1.6551069275395129     
   2.3519999999999999       -1.6358496444529942     
   2.3580000000000001       -1.6168338504540853     
   2.3639999999999999       -1.5979968617778679     
   2.3700000000000001       -1.5793696716133465     
   2.3759999999999999       -1.5611081559725806     
   2.3820000000000001       -1.5431596903438969     
   2.3879999999999999       -1.5253033474252682     
   2.3940000000000001       -1.5075509473080437     
   2.3999999999999999       -1.4900309389856456     
   2.4060000000000001       -1.4727258673372086     
   2.4119999999999999       -1.4556015692900690     
   2.4180000000000001       -1.4387605761609432     
   2.4239999999999999       -1.4222424294351561     
   2.4300000000000002       -1.4058794967206376     
   2.4359999999999999       -1.3896023880835076     
   2.4420000000000002       -1.3735247116047105     
   2.4480000000000000       -1.3576789323039917     
   2.4540000000000002       -1.3420099166118993     
   2.4600000000000000       -1.3265092711668911     
   2.4660000000000002       -1.3112033022791811     
   2.4720000000000000       -1.2961516159432007     
   2.4780000000000002       -1.2813840132921248     
   2.4840000000000000       -1.2667672095892690     
   2.4900000000000002       -1.2522126961532474     
   2.4960000000000000       -1.2378357532155428     
   2.5020000000000002       -1.2236988303712131     
   2.5080000000000000       -1.2097375758458335     
   2.5140000000000002       -1.1959473968378964     
   2.5200000000000000       -1.1823871736392313     
   2.5260000000000002       -1.1690323926867237     
   2.5320000000000000       -1.1558119390439368     
   2.5380000000000003       -1.1427170794346271     
   2.5440000000000000       -1.1297684992130077     
   2.5500000000000003       -1.1169967848787734     
   2.5560000000000000       -1.1044131947452831     
   2.5619999999999998       -1.0919734704337880     
   2.5680000000000001       -1.0796743425059563     
   2.5739999999999998       -1.0675903575807959     
   2.5800000000000001       -1.0557182337062001     
   2.5859999999999999       -1.0439696823422793     
   2.5920000000000001       -1.0323173210431400     
   2.5979999999999999       -1.0207798586695942     
   2.6040000000000001       -1.0093775123026290     
   2.6099999999999999      -0.99813438245161135     
   2.6160000000000001      -0.98709055732906159     
   2.6219999999999999      -0.97625266425400858     
   2.6280000000000001      -0.96552594112017642     
   2.6339999999999999      -0.95485996793085959     
   2.6400000000000001      -0.94431177622526241     
   2.6459999999999999      -0.93391089330624810     
   2.6520000000000001      -0.92364292868586984     
   2.6579999999999999      -0.91349424969599180     
   2.6640000000000001      -0.90345949571671214     
   2.6699999999999999      -0.89357887837506433     
   2.6760000000000002      -0.88388959366664421     
   2.6819999999999999      -0.87431450001279321     
   2.6880000000000002      -0.86478345862659589     
   2.6940000000000000      -0.85534659917225020     
   2.7000000000000002      -0.84603915207482205     
   2.7060000000000000      -0.83682882160521088     
   2.7120000000000002      -0.82772578214967907     
   2.7180000000000000      -0.81879307400683232     
   2.7240000000000002      -0.80999922250516210     
   2.7300000000000000      -0.80124926697653098     
   2.7360000000000002      -0.79255065262753643     
   2.7420000000000000      -0.78395518175956047     
   2.7480000000000002      -0.77546637886045133     
   2.7540000000000000      -0.76707189250240870     
   2.7600000000000002      -0.75875871444497778     
   2.7660000000000000      -0.75053543607373530     
   2.7720000000000002      -0.74245126516050264     
   2.7780000000000000      -0.73449758990381264     
   2.7840000000000003      -0.72659228460699810     
   2.7900000000000000      -0.71872480982433284     
   2.7960000000000003      -0.71094468410780420     
   2.8020000000000000      -0.70326313298738097     
   2.8080000000000003      -0.69566938397354283     
   2.8140000000000001      -0.68815084432141860     
   2.8199999999999998      -0.68070786470210443     
   2.8260000000000001      -0.67338453848045376     
   2.8319999999999999      -0.66619192620678613     
   2.8380000000000001      -0.65905705928177027     
   2.8439999999999999      -0.65195336531221892     
   2.8500000000000001      -0.64492894105292176     
   2.8559999999999999      -0.63799309194357001     
   2.8620000000000001      -0.63112166532205927     
   2.8679999999999999      -0.62434229077395842     
   2.8740000000000001      -0.61769616437619290     
   2.8799999999999999      -0.61113160310040782     
   2.8860000000000001      -0.60458892813364762     
   2.8919999999999999      -0.59809846217802587     
   2.8980000000000001      -0.59169375240395450     
   2.9039999999999999      -0.58537011571592812     
   2.9100000000000001      -0.57911708020384167     
   2.9159999999999999      -0.57292484246683006     
   2.9220000000000002      -0.56681184842522381     
   2.9279999999999999      -0.56081566542952288     
   2.9340000000000002      -0.55490402052650500     
   2.9399999999999999      -0.54901600764520420     
   2.9460000000000002      -0.54317328460828473     
   2.9520000000000000      -0.53741437223055355     
   2.9580000000000002      -0.53171916726834356     
   2.9640000000000000      -0.52607743055840150     
   2.9700000000000002      -0.52053369921513748     
   2.9760000000000000      -0.51509253143785183     
   2.9820000000000002      -0.50968985616601392     
   2.9880000000000000      -0.50431088003995916     
   2.9940000000000002      -0.49899333964695619     
   3.0000000000000000      -0.49374781566484283     
   3.0060000000000002      -0.48856618134118357     
   3.0120000000000000      -0.48344000000000004     
   3.0180000000000002      -0.47836761772197772     
   3.0240000000000000      -0.47337469710082641     
   3.0300000000000002      -0.46847142572435935     
   3.0360000000000000      -0.46361370172659400     
   3.0420000000000003      -0.45877962077922285     
   3.0480000000000000      -0.45399572623211748     
   3.0540000000000003      -0.44927162045885571     
   3.0600000000000001      -0.44459668853575968     
   3.0660000000000003      -0.43998580555251599     
   3.0720000000000001      -0.43546364004796029     
   3.0779999999999998      -0.43099850851388355     
   3.0840000000000001      -0.42654863108384616     
   3.0899999999999999      -0.42213496556936680     
   3.0960000000000001      -0.41778328787895491     
   3.1019999999999999      -0.41348555828009231     
   3.1080000000000001      -0.40923187962492896     
   3.1139999999999999      -0.40501918234588247     
   3.1200000000000001      -0.40085800082713724     
   3.1259999999999999      -0.39677019056298968     
   3.1320000000000001      -0.39273984357465774     
   3.1379999999999999      -0.38872974930572096     
   3.1440000000000001      -0.38474783079963137     
   3.1499999999999999      -0.38081672184866555     
   3.1560000000000001      -0.37692792928126811     
   3.1619999999999999      -0.37307512315076713     
   3.1680000000000001      -0.36928358075603773     
   3.1739999999999999      -0.36555782369756540     
   3.1800000000000002      -0.36185656594062343     
   3.1859999999999999      -0.35816685453105357     
   3.1920000000000002      -0.35451386878406255     
   3.1980000000000000      -0.35090600369711533     
   3.2040000000000002      -0.34733730812674846     
   3.2100000000000000      -0.34380431381853066     
   3.2160000000000002      -0.34030726682594270     
   3.2220000000000000      -0.33685757767837032     
   3.2280000000000002      -0.33345974771225223     
   3.2340000000000000      -0.33008779113955056     
   3.2400000000000002      -0.32672740355972724     
   3.2460000000000000      -0.32339755480282256     
   3.2520000000000002      -0.32010454434041213     
   3.2580000000000000      -0.31683554580916712     
   3.2640000000000002      -0.31360021872860055     
   3.2700000000000000      -0.31042239085421758     
   3.2760000000000002      -0.30728334227220838     
   3.2820000000000000      -0.30415020706995116     
   3.2880000000000003      -0.30103319636361459     
   3.2940000000000000      -0.29795080827554865     
   3.3000000000000003      -0.29490095330733246     
   3.3060000000000000      -0.29187939083401782     
   3.3120000000000003      -0.28888626168877057     
   3.3180000000000001      -0.28592782064431266     
   3.3240000000000003      -0.28301634554448363     
   3.3300000000000001      -0.28014177644852367     
   3.3359999999999999      -0.27727807665800919     
   3.3420000000000001      -0.27443018331320546     
   3.3479999999999999      -0.27161652064584152     
   3.3540000000000001      -0.26883118194480549     
   3.3599999999999999      -0.26606736634044548     
   3.3660000000000001      -0.26334484371689248     
   3.3719999999999999      -0.26067131044671921     
   3.3780000000000001      -0.25801699926178800     
   3.3839999999999999      -0.25536886685040883     
   3.3900000000000001      -0.25274400194151547     
   3.3959999999999999      -0.25015148926977515     
   3.4020000000000001      -0.24759055770732552     
   3.4079999999999999      -0.24505627625524093     
   3.4140000000000001      -0.24254439439597186     
   3.4199999999999999      -0.24006824688984502     
   3.4260000000000002      -0.23763793933606184     
   3.4319999999999999      -0.23522832802898508     
   3.4380000000000002      -0.23282240953164010     
   3.4440000000000000      -0.23044058868675399     
   3.4500000000000002      -0.22809422897936332     
   3.4560000000000000      -0.22577361116377936     
   3.4620000000000002      -0.22347376522167034     
   3.4680000000000000      -0.22119668546803439     
   3.4740000000000002      -0.21895277434826538     
   3.4800000000000000      -0.21675297268951679     
   3.4860000000000002      -0.21457999999999999     
   3.4920000000000000      -0.21241335349887219     
   3.4980000000000002      -0.21026366144598635     
   3.5040000000000000      -0.20814203050143631     
   3.5100000000000002      -0.20604182513066485     
   3.5160000000000000      -0.20396449885812387     
   3.5220000000000002      -0.20192724351104069     
   3.5280000000000000      -0.19992643147096961     
   3.5340000000000003      -0.19793796416081497     
   3.5400000000000000      -0.19596027883045275     
   3.5460000000000003      -0.19400656098355556     
   3.5520000000000000      -0.19208182539181562     
   3.5580000000000003      -0.19018559050707773     
   3.5640000000000001      -0.18830946430028317     
   3.5700000000000003      -0.18645090762766792     
   3.5760000000000001      -0.18462755244484760     
   3.5820000000000003      -0.18284340519578701     
   3.5880000000000001      -0.18107585900246909     
   3.5939999999999999      -0.17931880331687317     
   3.6000000000000001      -0.17758582776387549     
   3.6059999999999999      -0.17587887627818577     
   3.6120000000000001      -0.17419269242673538     
   3.6179999999999999      -0.17253463159209997     
   3.6240000000000001      -0.17091288989374540     
   3.6299999999999999      -0.16931402233345647     
   3.6360000000000001      -0.16772614573068090     
   3.6419999999999999      -0.16615867888352598     
   3.6480000000000001      -0.16461797437083323     
   3.6539999999999999      -0.16309848937126373     
   3.6600000000000001      -0.16159873613529513     
   3.6659999999999999      -0.16012333426805070     
   3.6720000000000002      -0.15867838444188018     
   3.6779999999999999      -0.15726865564258188     
   3.6840000000000002      -0.15588210105302550     
   3.6899999999999999      -0.15450405037299511     
   3.6960000000000002      -0.15314556719190120     
   3.7020000000000000      -0.15181846149182304     
   3.7080000000000002      -0.15051347095789397     
   3.7140000000000000      -0.14922651629896483     
   3.7200000000000002      -0.14797000428927251     
   3.7260000000000000      -0.14674479449549713     
   3.7320000000000002      -0.14553668698667824     
   3.7380000000000000      -0.14434443510463851     
   3.7440000000000002      -0.14317691935891852     
   3.7500000000000000      -0.14203424492496500     
   3.7560000000000002      -0.14091222553385219     
   3.7620000000000000      -0.13980871213177104     
   3.7680000000000002      -0.13872476965683583     
   3.7740000000000000      -0.13766935702005662     
   3.7800000000000002      -0.13664500110843739     
   3.7860000000000000      -0.13563892484986723     
   3.7920000000000003      -0.13464532532276532     
   3.7980000000000000      -0.13366948476986645     
   3.8040000000000003      -0.13271243685007733     
   3.8100000000000001      -0.13177168913953241     
   3.8160000000000003      -0.13085074411955422     
   3.8220000000000001      -0.12995436382516962     
   3.8280000000000003      -0.12907638940085794     
   3.8340000000000001      -0.12820976789857039     
   3.8399999999999999      -0.12735642645217482     
   3.8460000000000001      -0.12651884265974472     
   3.8519999999999999      -0.12569653870806696     
   3.8580000000000001      -0.12488883486141922     
   3.8639999999999999      -0.12409532957098990     
   3.8700000000000001      -0.12331727169072342     
   3.8759999999999999      -0.12255667843884323     
   3.8820000000000001      -0.12180912207168065     
   3.8879999999999999      -0.12106803178328034     
   3.8940000000000001      -0.12033579510487445     
   3.8999999999999999      -0.11961664051402914     
   3.9060000000000001      -0.11890939271713996     
   3.9119999999999999      -0.11821343194803567     
   3.9180000000000001      -0.11753201701683225     
   3.9239999999999999      -0.11686261573270845     
   3.9300000000000002      -0.11619430338004325     
   3.9359999999999999      -0.11552828486453072     
   3.9420000000000002      -0.11487657586315440     
   3.9480000000000000      -0.11423593766145498     
   3.9540000000000002      -0.11359570644579500     
   3.9600000000000000      -0.11295947881418246     
   3.9660000000000002      -0.11233409207624494     
   3.9720000000000000      -0.11171739727488542     
   3.9780000000000002      -0.11110582214037715     
   3.9840000000000000      -0.11049748898645191     
   3.9900000000000002      -0.10989170364886103     
   3.9960000000000000      -0.10928918407296979     
   4.0019999999999998      -0.10868952867717649     
   4.0080000000000000      -0.10809148002242724     
   4.0140000000000002      -0.10749806604368545     
   4.0200000000000005      -0.10691316581281343     
   4.0259999999999998      -0.10632977576788870     
   4.0320000000000000      -0.10574016997302871     
   4.0380000000000003      -0.10515243134403082     
   4.0440000000000005      -0.10457359085202603     
   4.0499999999999998      -0.10399729807114830     
   4.0560000000000000      -0.10341900597077394     
   4.0620000000000003      -0.10284065216942165     
   4.0680000000000005      -0.10226769122804225     
   4.0739999999999998      -0.10170742089825051     
   4.0800000000000001      -0.10115206355573117     
   4.0860000000000003      -0.10058665244159123     
   4.0920000000000005      -0.10001876512364635     
   4.0979999999999999       -9.9461712251351031E-002
   4.1040000000000001       -9.8909172023352476E-002
   4.1100000000000003       -9.8354343719067344E-002
   4.1159999999999997       -9.7803744818182964E-002
   4.1219999999999999       -9.7260301126911614E-002
   4.1280000000000001       -9.6717251317410199E-002
   4.1340000000000003       -9.6172444988078087E-002
   4.1399999999999997       -9.5629839102390424E-002
   4.1459999999999999       -9.5090534165131191E-002
   4.1520000000000001       -9.4553362212773662E-002
   4.1580000000000004       -9.4017744932859804E-002
   4.1639999999999997       -9.3483931319851665E-002
   4.1699999999999999       -9.2954578480040212E-002
   4.1760000000000002       -9.2430957390579341E-002
   4.1820000000000004       -9.1908486499912359E-002
   4.1879999999999997       -9.1384523151305658E-002
   4.1940000000000000       -9.0861883751433697E-002
   4.2000000000000002       -9.0342178494767625E-002
   4.2060000000000004       -8.9824847252071960E-002
   4.2119999999999997       -8.9309167984105667E-002
   4.2180000000000000       -8.8794722102261442E-002
   4.2240000000000002       -8.8283841602757165E-002
   4.2300000000000004       -8.7778922107329987E-002
   4.2359999999999998       -8.7276026908180038E-002
   4.2420000000000000       -8.6771310842767596E-002
   4.2480000000000002       -8.6267234280669070E-002
   4.2540000000000004       -8.5765790182908794E-002
   4.2599999999999998       -8.5265736457363961E-002
   4.2660000000000000       -8.4767884920078196E-002
   4.2720000000000002       -8.4275731801863374E-002
   4.2780000000000005       -8.3787388580533334E-002
   4.2839999999999998       -8.3297206117724301E-002
   4.2900000000000000       -8.2806007855644528E-002
   4.2960000000000003       -8.2317484280424347E-002
   4.3020000000000005       -8.1831672878510869E-002
   4.3079999999999998       -8.1347499183671027E-002
   4.3140000000000001       -8.0864325526759914E-002
   4.3200000000000003       -8.0382819791797039E-002
   4.3260000000000005       -7.9906016552749426E-002
   4.3319999999999999       -7.9433551046739076E-002
   4.3380000000000001       -7.8960505020661251E-002
   4.3440000000000003       -7.8486176938786997E-002
   4.3500000000000005       -7.8013556488510993E-002
   4.3559999999999999       -7.7542855627659529E-002
   4.3620000000000001       -7.7073192782952701E-002
   4.3680000000000003       -7.6606810325880959E-002
   4.3739999999999997       -7.6145361685677829E-002
   4.3799999999999999       -7.5684669540774324E-002
   4.3860000000000001       -7.5221890638951183E-002
   4.3920000000000003       -7.4759919971658595E-002
   4.3979999999999997       -7.4300618431540288E-002
   4.4039999999999999       -7.3843262318444292E-002
   4.4100000000000001       -7.3386878849712497E-002
   4.4160000000000004       -7.2930731226264658E-002
   4.4219999999999997       -7.2477081486644557E-002
   4.4279999999999999       -7.2028883797849719E-002
   4.4340000000000002       -7.1582542598595492E-002
   4.4400000000000004       -7.1133705715304002E-002
   4.4459999999999997       -7.0684905356642749E-002
   4.4520000000000000       -7.0238549385999813E-002
   4.4580000000000002       -6.9793052478258510E-002
   4.4640000000000004       -6.9348469411483066E-002
   4.4699999999999998       -6.8908305540554882E-002
   4.4760000000000000       -6.8471681234935022E-002
   4.4820000000000002       -6.8033627530954349E-002
   4.4880000000000004       -6.7594151560592494E-002
   4.4939999999999998       -6.7156181106072493E-002
   4.5000000000000000       -6.6720000000000002E-002
   4.5060000000000002       -6.6284910946289424E-002
   4.5120000000000005       -6.5850685785522514E-002
   4.5179999999999998       -6.5417829770897357E-002
   4.5240000000000000       -6.4988318262995490E-002
   4.5300000000000002       -6.4562087960547396E-002
   4.5360000000000005       -6.4135687853199896E-002
   4.5419999999999998       -6.3708356005578309E-002
   4.5480000000000000       -6.3282289630189920E-002
   4.5540000000000003       -6.2857754255088230E-002
   4.5600000000000005       -6.2434002826971619E-002
   4.5659999999999998       -6.2012976385190904E-002
   4.5720000000000001       -6.1596566288087504E-002
   4.5780000000000003       -6.1181593175421232E-002
   4.5840000000000005       -6.0765270677911966E-002
   4.5899999999999999       -6.0349461506808283E-002
   4.5960000000000001       -5.9935785981110073E-002
   4.6020000000000003       -5.9524118232294240E-002
   4.6080000000000005       -5.9114056402968677E-002
   4.6139999999999999       -5.8705202510917445E-002
   4.6200000000000001       -5.8298782961027494E-002
   4.6260000000000003       -5.7896669672689569E-002
   4.6319999999999997       -5.7496984485573423E-002
   4.6379999999999999       -5.7096953317298027E-002
   4.6440000000000001       -5.6697488528657233E-002
   4.6500000000000004       -5.6299943863003743E-002
   4.6559999999999997       -5.5903909376660461E-002
   4.6619999999999999       -5.5509891732192465E-002
   4.6680000000000001       -5.5120460839163388E-002
   4.6740000000000004       -5.4735032495673359E-002
   4.6799999999999997       -5.4349458794913319E-002
   4.6859999999999999       -5.3963692620696557E-002
   4.6920000000000002       -5.3580640256490730E-002
   4.6980000000000004       -5.3200296113998631E-002
   4.7039999999999997       -5.2821471605094622E-002
   4.7100000000000000       -5.2444388915804774E-002
   4.7160000000000002       -5.2069954263509702E-002
   4.7220000000000004       -5.1699800481240815E-002
   4.7279999999999998       -5.1333865463440168E-002
   4.7340000000000000       -5.0968770454578788E-002
   4.7400000000000002       -5.0603586189491914E-002
   4.7460000000000004       -5.0240752947751058E-002
   4.7519999999999998       -4.9880723054958831E-002
   4.7580000000000000       -4.9522456884723919E-002
   4.7640000000000002       -4.9167363686988083E-002
   4.7700000000000005       -4.8817299332583594E-002
   4.7759999999999998       -4.8469841368225276E-002
   4.7820000000000000       -4.8122429165038776E-002
   4.7880000000000003       -4.7776550242310617E-002
   4.7940000000000005       -4.7433585964200081E-002
   4.7999999999999998       -4.7093009931209628E-002
   4.8060000000000000       -4.6754278450360495E-002
   4.8120000000000003       -4.6417217034246824E-002
   4.8180000000000005       -4.6083211249281442E-002
   4.8239999999999998       -4.5754477902359203E-002
   4.8300000000000001       -4.5428966852785746E-002
   4.8360000000000003       -4.5103099499054888E-002
   4.8420000000000005       -4.4777786064820378E-002
   4.8479999999999999       -4.4454993470653598E-002
   4.8540000000000001       -4.4134844858328900E-002
   4.8600000000000003       -4.3817018383996140E-002
   4.8659999999999997       -4.3501114535870980E-002
   4.8719999999999999       -4.3187710487009361E-002
   4.8780000000000001       -4.2878569218677470E-002
   4.8840000000000003       -4.2572666754781614E-002
   4.8899999999999997       -4.2266814019163296E-002
   4.8959999999999999       -4.1961517653140781E-002
   4.9020000000000001       -4.1659060119247290E-002
   4.9080000000000004       -4.1359022671884030E-002
   4.9139999999999997       -4.1060604584833404E-002
   4.9199999999999999       -4.0765270608771852E-002
   4.9260000000000002       -4.0473653842335949E-002
   4.9320000000000004       -4.0183418380160624E-002
   4.9379999999999997       -3.9893540054534743E-002
   4.9440000000000000       -3.9605496384400654E-002
   4.9500000000000002       -3.9319950969676422E-002
   4.9560000000000004       -3.9036589898569798E-002
   4.9619999999999997       -3.8755085018058147E-002
   4.9680000000000000       -3.8475324230826363E-002
   4.9740000000000002       -3.8198417545363787E-002
   4.9800000000000004       -3.7925276509358327E-002
   4.9859999999999998       -3.7653733018182617E-002
   4.9920000000000000       -3.7382207342817053E-002
   4.9980000000000002       -3.7112358873571706E-002
   5.0040000000000004       -3.6845047875382224E-002
   5.0099999999999998       -3.6579209991653032E-002
   5.0160000000000000       -3.6315233729919967E-002
   5.0220000000000002       -3.6054889427670989E-002
   5.0280000000000005       -3.5797182276221765E-002
   5.0339999999999998       -3.5539733799942144E-002
   5.0400000000000000       -3.5283254810931398E-002
   5.0460000000000003       -3.5029288638451853E-002
   5.0520000000000005       -3.4777280699421702E-002
   5.0579999999999998       -3.4526511299963945E-002
   5.0640000000000001       -3.4277266996493833E-002
   5.0700000000000003       -3.4030299869873014E-002
   5.0760000000000005       -3.3786783749536795E-002
   5.0819999999999999       -3.3546069452604486E-002
   5.0880000000000001       -3.3305743743318503E-002
   5.0940000000000003       -3.3065792971058820E-002
   5.1000000000000005       -3.2827767611047637E-002
   5.1059999999999999       -3.2591833900878150E-002
   5.1120000000000001       -3.2357757115719518E-002
   5.1180000000000003       -3.2126335081599740E-002
   5.1239999999999997       -3.1897876765678207E-002
   5.1299999999999999       -3.1670614096710438E-002
   5.1360000000000001       -3.1443517856800315E-002
   5.1420000000000003       -3.1217480967575012E-002
   5.1479999999999997       -3.0993322003424001E-002
   5.1539999999999999       -3.0771485248582080E-002
   5.1600000000000001       -3.0551519296201361E-002
   5.1660000000000004       -3.0332575315966687E-002
   5.1719999999999997       -3.0115749534242557E-002
   5.1779999999999999       -2.9902403276749721E-002
   5.1840000000000002       -2.9690853178429767E-002
   5.1900000000000004       -2.9479425852749919E-002
   5.1959999999999997       -2.9269099304841645E-002
   5.2020000000000000       -2.9060592187565328E-002
   5.2080000000000002       -2.8853267510579959E-002
   5.2140000000000004       -2.8647491320564527E-002
   5.2199999999999998       -2.8444858374725820E-002
   5.2260000000000000       -2.8244849407277058E-002
   5.2320000000000002       -2.8045468851737129E-002
   5.2380000000000004       -2.7846533739973769E-002
   5.2439999999999998       -2.7648777070204095E-002
   5.2500000000000000       -2.7452740941621846E-002
   5.2560000000000002       -2.7258644677719567E-002
   5.2620000000000005       -2.7065905623754355E-002
   5.2679999999999998       -2.6874501574981988E-002
   5.2740000000000000       -2.6685755085122956E-002
   5.2800000000000002       -2.6499494765240984E-002
   5.2860000000000005       -2.6313621947499061E-002
   5.2919999999999998       -2.6128151178445594E-002
   5.2980000000000000       -2.5944757478959940E-002
   5.3040000000000003       -2.5763121581540809E-002
   5.3100000000000005       -2.5582216774776619E-002
   5.3159999999999998       -2.5403156723160132E-002
   5.3220000000000001       -2.5226981621796082E-002
   5.3280000000000003       -2.5052122940038772E-002
   5.3340000000000005       -2.4877386223761226E-002
   5.3399999999999999       -2.4703505859268757E-002
   5.3460000000000001       -2.4531086066691288E-002
   5.3520000000000003       -2.4360209531633668E-002
   5.3580000000000005       -2.4190775636248770E-002
   5.3639999999999999       -2.4022622774755399E-002
   5.3700000000000001       -2.3856253277302644E-002
   5.3760000000000003       -2.3692256993050644E-002
   5.3819999999999997       -2.3529581531904924E-002
   5.3879999999999999       -2.3367152068573999E-002
   5.3940000000000001       -2.3205911909309970E-002
   5.4000000000000004       -2.3046495105246572E-002
   5.4059999999999997       -2.2887851055714732E-002
   5.4119999999999999       -2.2729949750202261E-002
   5.4180000000000001       -2.2574445103050143E-002
   5.4240000000000004       -2.2421287211796904E-002
   5.4299999999999997       -2.2268857953892215E-002
   5.4359999999999999       -2.2116761544967480E-002
   5.4420000000000002       -2.1965428532962204E-002
   5.4480000000000004       -2.1815517144695935E-002
   5.4539999999999997       -2.1667366486012904E-002
   5.4600000000000000       -2.1520000420651296E-002
   5.4660000000000002       -2.1373260378958755E-002
   5.4720000000000004       -2.1228805332840286E-002
   5.4779999999999998       -2.1086812450052270E-002
   5.4840000000000000       -2.0944971697707947E-002
   5.4900000000000002       -2.0803010595507671E-002
   5.4960000000000004       -2.0662733044003123E-002
   5.5019999999999998       -2.0524053367248499E-002
   5.5080000000000000       -2.0385886240686012E-002
   5.5140000000000002       -2.0249000000000000E-002
   5.5200000000000005       -2.0114402399438847E-002
   5.5259999999999998       -1.9981004204099095E-002
   5.5320000000000000       -1.9847760093377190E-002
   5.5380000000000003       -1.9715086815841210E-002
   5.5440000000000005       -1.9583485819965642E-002
   5.5499999999999998       -1.9453203737548396E-002
   5.5560000000000000       -1.9324050925122929E-002
   5.5620000000000003       -1.9195496076543882E-002
   5.5680000000000005       -1.9068119098231657E-002
   5.5739999999999998       -1.8942975919138794E-002
   5.5800000000000001       -1.8819126989196616E-002
   5.5860000000000003       -1.8695183948598204E-002
   5.5920000000000005       -1.8571570212020834E-002
   5.5979999999999999       -1.8449022316392519E-002
   5.6040000000000001       -1.8327765049051360E-002
   5.6100000000000003       -1.8207706337014375E-002
   5.6160000000000005       -1.8088386402905762E-002
   5.6219999999999999       -1.7969994367409228E-002
   5.6280000000000001       -1.7853363694970436E-002
   5.6340000000000003       -1.7737979987689761E-002
   5.6399999999999997       -1.7622583941658408E-002
   5.6459999999999999       -1.7507705617626077E-002
   5.6520000000000001       -1.7394361541044026E-002
   5.6580000000000004       -1.7281885675439992E-002
   5.6639999999999997       -1.7169688378744285E-002
   5.6699999999999999       -1.7058773597918395E-002
   5.6760000000000002       -1.6949555877319077E-002
   5.6820000000000004       -1.6840927333924133E-002
   5.6879999999999997       -1.6732348016390813E-002
   5.6940000000000000       -1.6624151047904660E-002
   5.7000000000000002       -1.6516845111938353E-002
   5.7060000000000004       -1.6410925269309068E-002
   5.7119999999999997       -1.6305982367709401E-002
   5.7180000000000000       -1.6201396558519106E-002
   5.7240000000000002       -1.6097694264066660E-002
   5.7300000000000004       -1.5995337176290713E-002
   5.7359999999999998       -1.5893557682964587E-002
   5.7420000000000000       -1.5791936228216077E-002
   5.7480000000000002       -1.5691154766748976E-002
   5.7540000000000004       -1.5591399442498927E-002
   5.7599999999999998       -1.5492125953437290E-002
   5.7660000000000000       -1.5393478402479510E-002
   5.7720000000000002       -1.5296083364313377E-002
   5.7780000000000005       -1.5199625348684980E-002
   5.7839999999999998       -1.5103438961505348E-002
   5.7900000000000000       -1.5007632069120612E-002
   5.7960000000000003       -1.4912488654821776E-002
   5.8020000000000005       -1.4818012164821556E-002
   5.8079999999999998       -1.4724117896614649E-002
   5.8140000000000001       -1.4630667353337868E-002
   5.8200000000000003       -1.4537857927033203E-002
   5.8260000000000005       -1.4446280437401232E-002
   5.8319999999999999       -1.4355650064085417E-002
   5.8380000000000001       -1.4265030079875927E-002
   5.8440000000000003       -1.4174520348269734E-002
   5.8500000000000005       -1.4084707651664859E-002
   5.8559999999999999       -1.3995553947224602E-002
   5.8620000000000001       -1.3906914295232964E-002
   5.8680000000000003       -1.3819042209128421E-002
   5.8740000000000006       -1.3731981031999043E-002
   5.8799999999999999       -1.3645152764499255E-002
   5.8860000000000001       -1.3558362219597386E-002
   5.8920000000000003       -1.3472062886256271E-002
   5.8979999999999997       -1.3386523496204452E-002
   5.9039999999999999       -1.3301684910828440E-002
   5.9100000000000001       -1.3217254284916474E-002
   5.9160000000000004       -1.3132883803009084E-002
   5.9219999999999997       -1.3049234218424351E-002
   5.9279999999999999       -1.2966907985433804E-002
   5.9340000000000002       -1.2884941346758667E-002
   5.9400000000000004       -1.2802556133110746E-002
   5.9459999999999997       -1.2720233163723225E-002
   5.9520000000000000       -1.2638381051936685E-002
   5.9580000000000002       -1.2557040606579750E-002
   5.9640000000000004       -1.2476363524226094E-002
   5.9699999999999998       -1.2396575553961607E-002
   5.9760000000000000       -1.2317238577703785E-002
   5.9820000000000002       -1.2237641712372538E-002
   5.9880000000000004       -1.2158000000000000E-002
   5.9939999999999998       -1.2078770753742807E-002
