 X =    0.0000000000000000      Y =    0.0000000000000000      Npts =        1000
   0.0000000000000000        5791.6730628748574     
   6.0060060060060060E-003   5589.3963233555532     
   1.2012012012012012E-002   5392.7344061884596     
   1.8018018018018018E-002   5201.6126987501038     
   2.4024024024024024E-002   5015.9589505536096     
   3.0030030030030030E-002   4835.7027717470264     
   3.6036036036036036E-002   4660.7751250179899     
   4.2042042042042038E-002   4491.1078162462345     
   4.8048048048048048E-002   4326.6329897371115     
   5.4054054054054057E-002   4167.2826342537546     
   6.0060060060060060E-002   4012.9881063195517     
   6.6066066066066062E-002   3863.6796773674869     
   7.2072072072072071E-002   3719.2861112523706     
   7.8078078078078081E-002   3579.7342784072416     
   8.4084084084084076E-002   3444.9488125112198     
   9.0090090090090086E-002   3314.8518149464871     
   9.6096096096096095E-002   3189.3626115676207     
  0.10210210210210210        3068.3975654042656     
  0.10810810810810811        2951.8699478931367     
  0.11411411411411411        2839.6898701180176     
  0.12012012012012012        2731.7642743616834     
  0.12612612612612611        2627.9969850804396     
  0.13213213213213212        2528.2888172389162     
  0.13813813813813813        2432.5377388295210     
  0.14414414414414414        2340.6390833835399     
  0.15015015015015015        2252.4858073912287     
  0.15615615615615616        2167.9687868127271     
  0.16216216216216217        2086.9771462994313     
  0.16816816816816815        2009.3986143681793     
  0.17417417417417416        1935.1198975821098     
  0.18018018018018017        1864.0270667884110     
  0.18618618618618618        1796.0059486335381     
  0.19219219219219219        1730.9425159040575     
  0.19819819819819820        1668.7232707043383     
  0.20420420420420421        1609.2356150558758     
  0.21021021021021022        1552.3682041602581     
  0.21621621621621623        1498.0112782810668     
  0.22222222222222221        1446.0569699428372     
  0.22822822822822822        1396.3995838924636     
  0.23423423423423423        1348.9358479983891     
  0.24024024024024024        1303.5651339562894     
  0.24624624624624625        1260.1896473118356     
  0.25225225225225223        1218.7145868900136     
  0.25825825825825827        1179.0482742288009     
  0.26426426426426425        1141.1022540481001     
  0.27027027027027029        1104.7913671422216     
  0.27627627627627627        1070.0337973665073     
  0.28228228228228230        1036.7510946002521     
  0.28828828828828829        1004.8681757135079     
  0.29429429429429427        974.31330565138921     
  0.30030030030030030        945.01806078317861     
  0.30630630630630629        916.91727665197050     
  0.31231231231231232        889.94898221176572     
  0.31831831831831831        864.05432255941196     
  0.32432432432432434        839.17747206584079     
  0.33033033033033032        815.26553969048780     
  0.33633633633633631        792.26846813023474     
  0.34234234234234234        770.13892831458838     
  0.34834834834834832        748.83221061587778     
  0.35435435435435436        728.30611400080466     
  0.36036036036036034        708.52083421013424     
  0.36636636636636638        689.43885191900176     
  0.37237237237237236        671.02482170278324     
  0.37837837837837840        653.24546251393292     
  0.38438438438438438        636.06945026428423     
  0.39039039039039036        619.46731300565511     
  0.39639639639639640        603.41132910904730     
  0.40240240240240238        587.87542875952636     
  0.40840840840840842        572.83509900950139     
  0.41441441441441440        558.26729256737724     
  0.42042042042042044        544.15034044086383     
  0.42642642642642642        530.46386850412102     
  0.43243243243243246        517.18871801478110     
  0.43843843843843844        504.30687007015132     
  0.44444444444444442        491.80137396099752     
  0.45045045045045046        479.65627935558035     
  0.45645645645645644        467.85657222566152     
  0.46246246246246248        456.38811440927890     
  0.46846846846846846        445.23758669194120     
  0.47447447447447449        434.39243527786721     
  0.48048048048048048        423.84082151568947     
  0.48648648648648646        413.57157473821428     
  0.49249249249249250        403.57414807306350     
  0.49849849849849848        393.83857707997862     
  0.50450450450450446        384.35544107097297     
  0.51051051051051055        375.11582697116296     
  0.51651651651651653        366.11129558069086     
  0.52252252252252251        357.33385010157065     
  0.52852852852852850        348.77590679731537     
  0.53453453453453448        340.43026765771305     
  0.54054054054054057        332.29009494598796     
  0.54654654654654655        324.34888751070821     
  0.55255255255255253        316.60045875006676     
  0.55855855855855852        309.03891612153461     
  0.56456456456456461        301.65864209524153     
  0.57057057057057059        294.45427645480680     
  0.57657657657657657        287.42069985457755     
  0.58258258258258255        280.55301854739827     
  0.58858858858858853        273.84655020203525     
  0.59459459459459463        267.29681073422773     
  0.60060060060060061        260.89950207999505     
  0.60660660660660659        254.65050084431752     
  0.61261261261261257        248.54584776257767     
  0.61861861861861867        242.58173791623423     
  0.62462462462462465        236.75451164806051     
  0.63063063063063063        231.06064612597297     
  0.63663663663663661        225.49674750792590     
  0.64264264264264259        220.05954366363378     
  0.64864864864864868        214.74587741197223     
  0.65465465465465467        209.55270023579510     
  0.66066066066066065        204.47706643863569     
  0.66666666666666663        199.51612771031421     
  0.67267267267267261        194.66712807084684     
  0.67867867867867870        189.92739916429960     
  0.68468468468468469        185.29435587629473     
  0.69069069069069067        180.76549225083642     
  0.69669669669669665        176.33837768392237     
  0.70270270270270274        172.01065337309078     
  0.70870870870870872        167.78002900362637     
  0.71471471471471471        163.64427965359727     
  0.72072072072072069        159.60124290124588     
  0.72672672672672667        155.64881611951546     
  0.73273273273273276        151.78495394365180     
  0.73873873873873874        148.00766589889790     
  0.74474474474474472        144.31501417629738     
  0.75075075075075071        140.70511154554464     
  0.75675675675675680        137.17611939467446     
  0.76276276276276278        133.72624588717605     
  0.76876876876876876        130.35374422783957     
  0.77477477477477474        127.05691102932721     
  0.78078078078078073        123.83408477207543     
  0.78678678678678682        120.68364435071400     
  0.79279279279279280        117.60400770072202     
  0.79879879879879878        114.59363049951887     
  0.80480480480480476        111.65100493665646     
  0.81081081081081086        108.77465854818047     
  0.81681681681681684        105.96315311062092     
  0.82282282282282282        103.21508359042558     
  0.82882882882882880        100.52907714497188     
  0.83483483483483478        97.903792171598369     
  0.84084084084084088        95.337917401369339     
  0.84684684684684686        92.830171034545174     
  0.85285285285285284        90.379299914961436     
  0.85885885885885882        87.984078740740031     
  0.86486486486486491        85.643309308950933     
  0.87087087087087089        83.355819792030530     
  0.87687687687687688        81.120464043924997     
  0.88288288288288286        78.936120934089971     
  0.88888888888888884        76.801693707613467     
  0.89489489489489493        74.716109369864881     
  0.90090090090090091        72.678318094192292     
  0.90690690690690690        70.687292651301320     
  0.91291291291291288        68.742027859051930     
  0.91891891891891886        66.841540051503088     
  0.92492492492492495        64.984866566122264     
  0.93093093093093093        63.171065248157205     
  0.93693693693693691        61.399213971237792     
  0.94294294294294290        59.668410173349194     
  0.94894894894894899        57.977770407372674     
  0.95495495495495497        56.326429905454077     
  0.96096096096096095        54.713542156507330     
  0.96696696696696693        53.138278496213360     
  0.97297297297297292        51.599827708916123     
  0.97897897897897901        50.097395640860682     
  0.98498498498498499        48.630204824254974     
  0.99099099099099097        47.197494111672476     
  0.99699699699699695        45.798518320345245     
   1.0030030030030030        44.432547885925416     
   1.0090090090090089        43.098868525322871     
   1.0150150150150150        41.796780908248266     
   1.0210210210210211        40.525600337119116     
   1.0270270270270270        39.284656435002432     
   1.0330330330330331        38.073292841291384     
   1.0390390390390389        36.890866914830703     
   1.0450450450450450        35.736749444220777     
   1.0510510510510511        34.610324365048967     
   1.0570570570570570        33.510988483808205     
   1.0630630630630631        32.438151208278526     
   1.0690690690690690        31.391234284158866     
   1.0750750750750750        30.369671537746857     
   1.0810810810810811        29.372908624477141     
   1.0870870870870870        28.400402783136666     
   1.0930930930930931        27.451622595585139     
   1.0990990990990992        26.526047751818737     
   1.1051051051051051        25.623168820220226     
   1.1111111111111112        24.742487022848589     
   1.1171171171171170        23.883514015627334     
   1.1231231231231231        23.045771673295704     
   1.1291291291291292        22.228791878995633     
   1.1351351351351351        21.432116318369740     
   1.1411411411411412        20.655296278053420     
   1.1471471471471471        19.897892448447617     
   1.1531531531531531        19.159474730663423     
   1.1591591591591592        18.439622047534456     
   1.1651651651651651        17.737922158596664     
   1.1711711711711712        17.053971478938326     
   1.1771771771771771        16.387374901828132     
   1.1831831831831832        15.737745625030644     
   1.1891891891891893        15.104704980722854     
   1.1951951951951951        14.487882268928123     
   1.2012012012012012        13.886914594386067     
   1.2072072072072071        13.301446706780796     
   1.2132132132132132        12.731130844250769     
   1.2192192192192193        12.175626580107421     
   1.2252252252252251        11.634600672690802     
   1.2312312312312312        11.107726918293281     
   1.2372372372372373        10.594686007084045     
   1.2432432432432432        10.095165381969259     
   1.2492492492492493        9.6088591003242065     
   1.2552552552552552        9.1354676985360488     
   1.2612612612612613        8.6746980592969063     
   1.2672672672672673        8.2262632815891017     
   1.2732732732732732        7.7898825533053762     
   1.2792792792792793        7.3652810264487885     
   1.2852852852852852        6.9521896948585038     
   1.2912912912912913        6.5503452744081523     
   1.2972972972972974        6.1594900856261585     
   1.3033033033033032        5.7793719386872091     
   1.3093093093093093        5.4097440207263352     
   1.3153153153153152        5.0503647854277087     
   1.3213213213213213        4.7009978448413889     
   1.3273273273273274        4.3614118633826129     
   1.3333333333333333        4.0313804539689393     
   1.3393393393393394        3.7106820762517025     
   1.3453453453453452        3.3990999368994417     
   1.3513513513513513        3.0964218918913273     
   1.3573573573573574        2.8024403507802949     
   1.3633633633633633        2.5169521828857624     
   1.3693693693693694        2.2397586253771156     
   1.3753753753753755        1.9706651932100068     
   1.3813813813813813        1.7094815908779031     
   1.3873873873873874        1.4560216259426111     
   1.3933933933933933        1.2101031243080740     
   1.3993993993993994       0.97154784720229082     
   1.4054054054054055       0.74018140983334324     
   1.4114114114114114       0.51583320168593372     
   1.4174174174174174       0.29833630842552566     
   1.4234234234234233        8.7527435378154342E-002
   1.4294294294294294      -0.11675316744578709     
   1.4354354354354355      -0.31466177881443408     
   1.4414414414414414      -0.50635127825435844     
   1.4474474474474475      -0.69197121657699656     
   1.4534534534534533      -0.87166788498057013     
   1.4594594594594594       -1.0455843827559750     
   1.4654654654654655       -1.2138606836243551     
   1.4714714714714714       -1.3766337007337299     
   1.4774774774774775       -1.5340373503413158     
   1.4834834834834836       -1.6862026142077089     
   1.4894894894894894       -1.8332576007286472     
   1.4954954954954955       -1.9753276048294357     
   1.5015015015015014       -2.1125351666466599     
   1.5075075075075075       -2.2450001290213941     
   1.5135135135135136       -2.3728396938274923     
   1.5195195195195195       -2.4961684771582009     
   1.5255255255255256       -2.6150985633938344     
   1.5315315315315314       -2.7297395581727177     
   1.5375375375375375       -2.8401986402873436     
   1.5435435435435436       -2.9465806125270526     
   1.5495495495495495       -3.0489879514882636     
   1.5555555555555556       -3.1475208563728310     
   1.5615615615615615       -3.2422772967946334     
   1.5675675675675675       -3.3333530596142378     
   1.5735735735735736       -3.4208417948209036     
   1.5795795795795795       -3.5048350604810214     
   1.5855855855855856       -3.5854223667715259     
   1.5915915915915915       -3.6626912191165455     
   1.5975975975975976       -3.7367271604452088     
   1.6036036036036037       -3.8076138125880727     
   1.6096096096096095       -3.8754329168294364     
   1.6156156156156156       -3.9402643736323362     
   1.6216216216216217       -4.0021862815527500     
   1.6276276276276276       -4.0612749753592166     
   1.6336336336336337       -4.1176050633737296     
   1.6396396396396395       -4.1712494640494624     
   1.6456456456456456       -4.2222794418005911     
   1.6516516516516517       -4.2707646420991461     
   1.6576576576576576       -4.3167731258535733     
   1.6636636636636637       -4.3603714030833611     
   1.6696696696696696       -4.4016244659038186     
   1.6756756756756757       -4.4405958208348171     
   1.6816816816816818       -4.4773475204470179     
   1.6876876876876876       -4.5119401943588935     
   1.6936936936936937       -4.5444330795974999     
   1.6996996996996996       -4.5748840503357791     
   1.7057057057057057       -4.6033496470189021     
   1.7117117117117118       -4.6298851048918692     
   1.7177177177177176       -4.6545443819404211     
   1.7237237237237237       -4.6773801862570119     
   1.7297297297297298       -4.6984440028433800     
   1.7357357357357357       -4.7177861198610591     
   1.7417417417417418       -4.7354556543408934     
   1.7477477477477477       -4.7515005773624415     
   1.7537537537537538       -4.7659677387139361     
   1.7597597597597598       -4.7789028910432219     
   1.7657657657657657       -4.7903507135099366     
   1.7717717717717718       -4.8003548349489620     
   1.7777777777777777       -4.8089578565549971     
   1.7837837837837838       -4.8162013740978669     
   1.7897897897897899       -4.8221259996780672     
   1.7957957957957957       -4.8267713830317831     
   1.8018018018018018       -4.8301762323944661     
   1.8078078078078077       -4.8323783349319003     
   1.8138138138138138       -4.8334145767474368     
   1.8198198198198199       -4.8333209624740219     
   1.8258258258258258       -4.8321326344593256     
   1.8318318318318318       -4.8298838915522655     
   1.8378378378378377       -4.8266082074989276     
   1.8438438438438438       -4.8223382489558100     
   1.8498498498498499       -4.8171058931281179     
   1.8558558558558558       -4.8109422450407093     
   1.8618618618618619       -4.8038776544491135     
   1.8678678678678680       -4.7959417323979228     
   1.8738738738738738       -4.7871633674336929     
   1.8798798798798799       -4.7775707414793684     
   1.8858858858858858       -4.7671913453770731     
   1.8918918918918919       -4.7560519941060191     
   1.8978978978978980       -4.7441788416821078     
   1.9039039039039038       -4.7315973957456974     
   1.9099099099099099       -4.7183325318438580     
   1.9159159159159158       -4.7044085074133397     
   1.9219219219219219       -4.6898489754703130     
   1.9279279279279280       -4.6746769980128704     
   1.9339339339339339       -4.6589150591421244     
   1.9399399399399400       -4.6425850779075990     
   1.9459459459459458       -4.6257084208825994     
   1.9519519519519519       -4.6083059144749772     
   1.9579579579579580       -4.5903978569787487     
   1.9639639639639639       -4.5720040303718132     
   1.9699699699699700       -4.5531437118649674     
   1.9759759759759759       -4.5338356852072810     
   1.9819819819819819       -4.5140982517528210     
   1.9879879879879880       -4.4939492412935840     
   1.9939939939939939       -4.4734060226634265     
   2.0000000000000000       -4.4524855141176580     
   2.0060060060060061       -4.4312041934929116     
   2.0120120120120122       -4.4095781081517682     
   2.0180180180180178       -4.3876228847165368     
   2.0240240240240239       -4.3653537385965260     
   2.0300300300300300       -4.3427854833130377     
   2.0360360360360361       -4.3199325396262065     
   2.0420420420420422       -4.2968089444677755     
   2.0480480480480479       -4.2734283596837876     
   2.0540540540540539       -4.2498040805910549     
   2.0600600600600600       -4.2259490443513137     
   2.0660660660660661       -4.2018758381667149     
   2.0720720720720722       -4.1775967073003999     
   2.0780780780780779       -4.1531235629257157     
   2.0840840840840840       -4.1284679898076044     
   2.0900900900900901       -4.1036412538196494     
   2.0960960960960962       -4.0786543093001191     
   2.1021021021021022       -4.0535178062503654     
   2.1081081081081079       -4.0282420973787980     
   2.1141141141141140       -4.0028372449936436     
   2.1201201201201201       -3.9773130277476039     
   2.1261261261261262       -3.9516789472374603     
   2.1321321321321323       -3.9259442344616353     
   2.1381381381381379       -3.9001178561386465     
   2.1441441441441440       -3.8742085208893133     
   2.1501501501501501       -3.8482246852855746     
   2.1561561561561562       -3.8221745597686261     
   2.1621621621621623       -3.7960661144391326     
   2.1681681681681679       -3.7699070847221430     
   2.1741741741741740       -3.7437049769092945     
   2.1801801801801801       -3.7174670735809006     
   2.1861861861861862       -3.6912004389103528     
   2.1921921921921923       -3.6649119238533334     
   2.1981981981981984       -3.6386081712241989     
   2.2042042042042040       -3.6122956206619046     
   2.2102102102102101       -3.5859805134877507     
   2.2162162162162162       -3.5596688974572168     
   2.2222222222222223       -3.5333666314080792     
   2.2282282282282284       -3.5070793898069774     
   2.2342342342342341       -3.4808126671965547     
   2.2402402402402402       -3.4545717825452233     
   2.2462462462462462       -3.4283618835016330     
   2.2522522522522523       -3.4021879505557813     
   2.2582582582582584       -3.3760548011087508     
   2.2642642642642641       -3.3499670934529795     
   2.2702702702702702       -3.3239293306649191     
   2.2762762762762763       -3.2979458644119499     
   2.2822822822822824       -3.2720208986753114     
   2.2882882882882885       -3.2461584933908338     
   2.2942942942942941       -3.2203625680091887     
   2.3003003003003002       -3.1946369049773415     
   2.3063063063063063       -3.1689851531428794     
   2.3123123123123124       -3.1434108310828139     
   2.3183183183183185       -3.1179173303584582     
   2.3243243243243241       -3.0925079186979367     
   2.3303303303303302       -3.0671857431078426     
   2.3363363363363363       -3.0419538329155515     
   2.3423423423423424       -3.0168151027436303     
   2.3483483483483485       -2.9917723554178024     
   2.3543543543543541       -2.9668282848098446     
   2.3603603603603602       -2.9419854786168069     
   2.3663663663663663       -2.9172464210779103     
   2.3723723723723724       -2.8926134956304117     
   2.3783783783783785       -2.8680889875057560     
   2.3843843843843842       -2.8436750862672708     
   2.3903903903903903       -2.8193738882906354     
   2.3963963963963963       -2.7951873991883582     
   2.4024024024024024       -2.7711175361794265     
   2.4084084084084085       -2.7471661304053154     
   2.4144144144144142       -2.7233349291934825     
   2.4204204204204203       -2.6996255982694706     
   2.4264264264264264       -2.6760397239187146     
   2.4324324324324325       -2.6525788150991292     
   2.4384384384384385       -2.6292443055055070     
   2.4444444444444446       -2.6060375555867781     
   2.4504504504504503       -2.5829598545171315     
   2.4564564564564564       -2.5600124221219711     
   2.4624624624624625       -2.5371964107596994     
   2.4684684684684686       -2.5145129071602490     
   2.4744744744744747       -2.4919629342212959     
   2.4804804804804803       -2.4695474527630736     
   2.4864864864864864       -2.4472673632426578     
   2.4924924924924925       -2.4251235074286166     
   2.4984984984984986       -2.4031166700368440     
   2.5045045045045047       -2.3812475803284476     
   2.5105105105105103       -2.3595169136704861     
   2.5165165165165164       -2.3379252930603505     
   2.5225225225225225       -2.3164732906146104     
   2.5285285285285286       -2.2951614290230440     
   2.5345345345345347       -2.2739901829686349     
   2.5405405405405403       -2.2529599805142673     
   2.5465465465465464       -2.2320712044568261     
   2.5525525525525525       -2.2113241936494372     
   2.5585585585585586       -2.1907192442924979     
   2.5645645645645647       -2.1702566111942132     
   2.5705705705705704       -2.1499365090012796     
   2.5765765765765765       -2.1297591134003606     
   2.5825825825825826       -2.1097245622910159     
   2.5885885885885886       -2.0898329569306782     
   2.5945945945945947       -2.0700843630522949     
   2.6006006006006004       -2.0504788119552471     
   2.6066066066066065       -2.0310163015700962     
   2.6126126126126126       -2.0116967974977755     
   2.6186186186186187       -1.9925202340237418     
   2.6246246246246248       -1.9734865151076648     
   2.6306306306306304       -1.9545955153491812     
   2.6366366366366365       -1.9358470809302277     
   2.6426426426426426       -1.9172410305345018     
   2.6486486486486487       -1.8987771562445075     
   2.6546546546546548       -1.8804552244167143     
   2.6606606606606604       -1.8622749765353017     
   2.6666666666666665       -1.8442361300449519     
   2.6726726726726726       -1.8263383791631731     
   2.6786786786786787       -1.8085813956725882     
   2.6846846846846848       -1.7909648296936413     
   2.6906906906906904       -1.7734883104381565     
   2.6966966966966965       -1.7561514469441630     
   2.7027027027027026       -1.7389538287924300     
   2.7087087087087087       -1.7218950268050786     
   2.7147147147147148       -1.7049745937267080     
   2.7207207207207209       -1.6881920648883963     
   2.7267267267267266       -1.6715469588549801     
   2.7327327327327327       -1.6550387780559674     
   2.7387387387387387       -1.6386670094004763     
   2.7447447447447448       -1.6224311248765204     
   2.7507507507507509       -1.6063305821350293     
   2.7567567567567566       -1.5903648250589228     
   2.7627627627627627       -1.5745332843175790     
   2.7687687687687688       -1.5588353779070416     
   2.7747747747747749       -1.5432705116762593     
   2.7807807807807809       -1.5278380798397035     
   2.7867867867867866       -1.5125374654766444     
   2.7927927927927927       -1.4973680410174059     
   2.7987987987987988       -1.4823291687168931     
   2.8048048048048049       -1.4674202011156707     
   2.8108108108108110       -1.4526404814888836     
   2.8168168168168166       -1.4379893442832969     
   2.8228228228228227       -1.4234661155427197     
   2.8288288288288288       -1.4090701133220875     
   2.8348348348348349       -1.3948006480904533     
   2.8408408408408410       -1.3806570231231472     
   2.8468468468468466       -1.3666385348833501     
   2.8528528528528527       -1.3527444733933200     
   2.8588588588588588       -1.3389741225955305     
   2.8648648648648649       -1.3253267607039199     
   2.8708708708708710       -1.3118016605455063     
   2.8768768768768767       -1.2983980898925827     
   2.8828828828828827       -1.2851153117857013     
   2.8888888888888888       -1.2719525848476820     
   2.8948948948948949       -1.2589091635888308     
   2.9009009009009010       -1.2459842987035861     
   2.9069069069069067       -1.2331772373587853     
   2.9129129129129128       -1.2204872234737567     
   2.9189189189189189       -1.2079134979924180     
   2.9249249249249250       -1.1954552991475771     
   2.9309309309309310       -1.1831118627176045     
   2.9369369369369367       -1.1708824222756826     
   2.9429429429429428       -1.1587662094317710     
   2.9489489489489489       -1.1467624540674961     
   2.9549549549549550       -1.1348703845641042     
   2.9609609609609611       -1.1230892280236617     
   2.9669669669669672       -1.1114182104836452     
   2.9729729729729728       -1.0998565571250991     
   2.9789789789789789       -1.0884034924744930     
   2.9849849849849850       -1.0770582405994484     
   2.9909909909909911       -1.0658200252984666     
   2.9969969969969972       -1.0546880702848085     
   3.0030030030030028       -1.0436615993646694     
   3.0090090090090089       -1.0327398366097764     
   3.0150150150150150       -1.0219220065245576     
   3.0210210210210211       -1.0112073342079990     
   3.0270270270270272       -1.0005950455103307     
   3.0330330330330328      -0.99008436718465931     
   3.0390390390390389      -0.97967452703366964     
   3.0450450450450450      -0.96936475405152966     
   3.0510510510510511      -0.95915427856109570     
   3.0570570570570572      -0.94904233234654845     
   3.0630630630630629      -0.93902814878156560     
   3.0690690690690690      -0.92911096295314077     
   3.0750750750750750      -0.91929001178116243     
   3.0810810810810811      -0.90956453413385141     
   3.0870870870870872      -0.89993377093915894     
   3.0930930930930929      -0.89039696529223622     
   3.0990990990990990      -0.88095336255905765     
   3.1051051051051051      -0.87160221047631192     
   3.1111111111111112      -0.86234275924763903     
   3.1171171171171173      -0.85317426163631349     
   3.1231231231231229      -0.84409597305446649     
   3.1291291291291290      -0.83510715164891947     
   3.1351351351351351      -0.82620705838374198     
   3.1411411411411412      -0.81739495711958465     
   3.1471471471471473      -0.80867011468989725     
   3.1531531531531529      -0.80003180097409810     
   3.1591591591591590      -0.79147928896777198     
   3.1651651651651651      -0.78301185484998403     
   3.1711711711711712      -0.77462877804777408     
   3.1771771771771773      -0.76632934129790620     
   3.1831831831831829      -0.75811283070595115     
   3.1891891891891890      -0.74997853580276364     
   3.1951951951951951      -0.74192574959843061     
   3.2012012012012012      -0.73395376863374773     
   3.2072072072072073      -0.72606189302929991     
   3.2132132132132134      -0.71824942653220292     
   3.2192192192192191      -0.71051567656056747     
   3.2252252252252251      -0.70285995424575076     
   3.2312312312312312      -0.69528157447245476     
   3.2372372372372373      -0.68777985591672630     
   3.2432432432432434      -0.68035412108191518     
   3.2492492492492491      -0.67300369633265389     
   3.2552552552552552      -0.66572791192689662     
   3.2612612612612613      -0.65852610204609419     
   3.2672672672672673      -0.65139760482353171     
   3.2732732732732734      -0.64434176237089724     
   3.2792792792792791      -0.63735792080312370     
   3.2852852852852852      -0.63044543026154809     
   3.2912912912912913      -0.62360364493545073     
   3.2972972972972974      -0.61683192308199852     
   3.3033033033033035      -0.61012962704465568     
   3.3093093093093091      -0.60349612327009383     
   3.3153153153153152      -0.59693078232365337     
   3.3213213213213213      -0.59043297890338953     
   3.3273273273273274      -0.58400209185275143     
   3.3333333333333335      -0.57763750417192650     
   3.3393393393393391      -0.57133860302789807     
   3.3453453453453452      -0.56510477976324169     
   3.3513513513513513      -0.55893542990371470     
   3.3573573573573574      -0.55282995316465666     
   3.3633633633633635      -0.54678775345624941     
   3.3693693693693691      -0.54080823888766361     
   3.3753753753753752      -0.53489082177013159     
   3.3813813813813813      -0.52903491861897289     
   3.3873873873873874      -0.52323995015461100     
   3.3933933933933935      -0.51750534130260573     
   3.3993993993993992      -0.51183052119273809     
   3.4054054054054053      -0.50621492315717476     
   3.4114114114114114      -0.50065798472773981     
   3.4174174174174174      -0.49515914763232610     
   3.4234234234234235      -0.48971785779046828     
   3.4294294294294292      -0.48433356530811117     
   3.4354354354354353      -0.47900572447159290     
   3.4414414414414414      -0.47373379374087582     
   3.4474474474474475      -0.46851723574204363     
   3.4534534534534536      -0.46335551725909352     
   3.4594594594594597      -0.45824810922504489     
   3.4654654654654653      -0.45319448671239021     
   3.4714714714714714      -0.44819412892290711     
   3.4774774774774775      -0.44324651917685820     
   3.4834834834834836      -0.43835114490159682     
   3.4894894894894897      -0.43350749761960206     
   3.4954954954954953      -0.42871507293596162     
   3.5015015015015014      -0.42397337052532197     
   3.5075075075075075      -0.41928189411833094     
   3.5135135135135136      -0.41464015148758404     
   3.5195195195195197      -0.41004765443309682     
   3.5255255255255253      -0.40550391876732317     
   3.5315315315315314      -0.40100846429973197     
   3.5375375375375375      -0.39656081482096622     
   3.5435435435435436      -0.39216049808659414     
   3.5495495495495497      -0.38780704580047276     
   3.5555555555555554      -0.38349999359774017     
   3.5615615615615615      -0.37923888102744829     
   3.5675675675675675      -0.37502325153485694     
   3.5735735735735736      -0.37085265244339638     
   3.5795795795795797      -0.36672663493632107     
   3.5855855855855854      -0.36264475403806046     
   3.5915915915915915      -0.35860656859528556     
   3.5975975975975976      -0.35461164125770334     
   3.6036036036036037      -0.35065953845859205     
   3.6096096096096097      -0.34674983039508700     
   3.6156156156156154      -0.34288209100823308     
   3.6216216216216215      -0.33905589796281282     
   3.6276276276276276      -0.33527083262696478     
   3.6336336336336337      -0.33152648005159913     
   3.6396396396396398      -0.32782242894962416     
   3.6456456456456454      -0.32415827167499506     
   3.6516516516516515      -0.32053360420159127     
   3.6576576576576576      -0.31694802610193840     
   3.6636636636636637      -0.31340114052577805     
   3.6696696696696698      -0.30989255417850053     
   3.6756756756756754      -0.30642187729944503     
   3.6816816816816815      -0.30298872364008028     
   3.6876876876876876      -0.29959271044207186     
   3.6936936936936937      -0.29623345841524523     
   3.6996996996996998      -0.29291059171545253     
   3.7057057057057055      -0.28962373792235202     
   3.7117117117117115      -0.28637252801710567     
   3.7177177177177176      -0.28315659636000695     
   3.7237237237237237      -0.27997558066804007     
   3.7297297297297298      -0.27682912199238274     
   3.7357357357357359      -0.27371686469585677     
   3.7417417417417416      -0.27063845643033396     
   3.7477477477477477      -0.26759354811410413     
   3.7537537537537538      -0.26458179390920994     
   3.7597597597597598      -0.26160285119875820     
   3.7657657657657659      -0.25865638056420820     
   3.7717717717717716      -0.25574204576264858     
   3.7777777777777777      -0.25285951370406262     
   3.7837837837837838      -0.25000845442859332     
   3.7897897897897899      -0.24718854108380875     
   3.7957957957957960      -0.24439944990197365     
   3.8018018018018016      -0.24164086017733521     
   3.8078078078078077      -0.23891245424342258     
   3.8138138138138138      -0.23621391745037110     
   3.8198198198198199      -0.23354493814226868     
   3.8258258258258260      -0.23090520763453479     
   3.8318318318318316      -0.22829442019133203     
   3.8378378378378377      -0.22571227300301663     
   3.8438438438438438      -0.22315846616363105     
   3.8498498498498499      -0.22063270264844176     
   3.8558558558558560      -0.21813468829152746     
   3.8618618618618616      -0.21566413176341900     
   3.8678678678678677      -0.21322074454879608     
   3.8738738738738738      -0.21080424092424474     
   3.8798798798798799      -0.20841433793607606     
   3.8858858858858860      -0.20605075537821094     
   3.8918918918918917      -0.20371321577013449     
   3.8978978978978978      -0.20140144433492060     
   3.9039039039039038      -0.19911516897733206     
   3.9099099099099099      -0.19685412026199667     
   3.9159159159159160      -0.19461803139166353     
   3.9219219219219217      -0.19240663818554010     
   3.9279279279279278      -0.19021967905771420     
   3.9339339339339339      -0.18805689499566244     
   3.9399399399399400      -0.18591802953884676     
   3.9459459459459461      -0.18380282875740134     
   3.9519519519519517      -0.18171104123091320     
   3.9579579579579578      -0.17964241802729541     
   3.9639639639639639      -0.17759671268175892     
   3.9699699699699700      -0.17557368117588015     
   3.9759759759759761      -0.17357308191676987     
   3.9819819819819822      -0.17159467571634185     
   3.9879879879879878      -0.16963822577068605     
   3.9939939939939939      -0.16770349763954401     
   4.0000000000000000      -0.16579025922589186     
   4.0060060060060056      -0.16389828075562871     
   4.0120120120120122      -0.16202733475737272     
   4.0180180180180178      -0.16017719604236977     
   4.0240240240240244      -0.15834764168450702     
   4.0300300300300300      -0.15653845100044400     
   4.0360360360360357      -0.15474940552985106     
   4.0420420420420422      -0.15298028901576427     
   4.0480480480480479      -0.15123088738505466     
   4.0540540540540544      -0.14950098872900963     
   4.0600600600600600      -0.14779038328403477     
   4.0660660660660657      -0.14609886341246772     
   4.0720720720720722      -0.14442622358351251     
   4.0780780780780779      -0.14277226035429214     
   4.0840840840840844      -0.14113677235101596     
   4.0900900900900901      -0.13951956025027126     
   4.0960960960960957      -0.13792042676042998     
   4.1021021021021022      -0.13633917660317843     
   4.1081081081081079      -0.13477561649516659     
   4.1141141141141144      -0.13322955512977722     
   4.1201201201201201      -0.13170080315901883     
   4.1261261261261257      -0.13018917317553619     
   4.1321321321321323      -0.12869447969474657     
   4.1381381381381379      -0.12721653913709596     
   4.1441441441441444      -0.12575516981043677     
   4.1501501501501501      -0.12431019189253043     
   4.1561561561561557      -0.12288142741366946     
   4.1621621621621623      -0.12146870023942384     
   4.1681681681681679      -0.12007183605351086     
   4.1741741741741745      -0.11869066234078481     
   4.1801801801801801      -0.11732500837035231     
   4.1861861861861858      -0.11597470517880799     
   4.1921921921921923      -0.11463958555359419     
   4.1981981981981980      -0.11331948401648362     
   4.2042042042042045      -0.11201423680718184     
   4.2102102102102101      -0.11072368186705570     
   4.2162162162162158      -0.10944765882298028     
   4.2222222222222223      -0.10818600897131088     
   4.2282282282282280      -0.10693857526197530     
   4.2342342342342345      -0.10570520228268726     
   4.2402402402402402      -0.10448573624328297     
   4.2462462462462458      -0.10328002496017631     
   4.2522522522522523      -0.10208791784093728     
   4.2582582582582580      -0.10090926586898984     
   4.2642642642642645       -9.9743921588428874E-002
   4.2702702702702702       -9.8591739088960031E-002
   4.2762762762762758       -9.7452573990955527E-002
   4.2822822822822824       -9.6326283430631848E-002
   4.2882882882882880       -9.5212726045345752E-002
   4.2942942942942945       -9.4111761959006793E-002
   4.3003003003003002       -9.3023252767610948E-002
   4.3063063063063058       -9.1947061524889032E-002
   4.3123123123123124       -9.0883052728073926E-002
   4.3183183183183180       -8.9831092303784638E-002
   4.3243243243243246       -8.8791047594025008E-002
   4.3303303303303302       -8.7762787342300197E-002
   4.3363363363363359       -8.6746181679846823E-002
   4.3423423423423424       -8.5741102111979245E-002
   4.3483483483483480       -8.4747421504549558E-002
   4.3543543543543546       -8.3765014070520977E-002
   4.3603603603603602       -8.2793755356655618E-002
   4.3663663663663668       -8.1833522230313510E-002
   4.3723723723723724       -8.0884192866365931E-002
   4.3783783783783781       -7.9945646734217737E-002
   4.3843843843843846       -7.9017764584943334E-002
   4.3903903903903903       -7.8100428438531877E-002
   4.3963963963963968       -7.7193521571242291E-002
   4.4024024024024024       -7.6296928503068712E-002
   4.4084084084084081       -7.5410534985313374E-002
   4.4144144144144146       -7.4534227988269156E-002
   4.4204204204204203       -7.3667895689008764E-002
   4.4264264264264268       -7.2811427459280986E-002
   4.4324324324324325       -7.1964713853514384E-002
   4.4384384384384381       -7.1127646596925262E-002
   4.4444444444444446       -7.0300118573731668E-002
   4.4504504504504503       -6.9482023815472804E-002
   4.4564564564564568       -6.8673257489430067E-002
   4.4624624624624625       -6.7873715887154115E-002
   4.4684684684684681       -6.7083296413092408E-002
   4.4744744744744747       -6.6301897573319987E-002
   4.4804804804804803       -6.5529418964371769E-002
   4.4864864864864868       -6.4765761262174468E-002
   4.4924924924924925       -6.4010826211080021E-002
   4.4984984984984981       -6.3264516612997451E-002
   4.5045045045045047       -6.2526736316623907E-002
   4.5105105105105103       -6.1797390206774425E-002
   4.5165165165165169       -6.1076384193807863E-002
   4.5225225225225225       -6.0363625203151555E-002
   4.5285285285285282       -5.9659021164920181E-002
   4.5345345345345347       -5.8962481003631405E-002
   4.5405405405405403       -5.8273914628016822E-002
   4.5465465465465469       -5.7593232920925462E-002
   4.5525525525525525       -5.6920347729322668E-002
   4.5585585585585582       -5.6255171854380656E-002
   4.5645645645645647       -5.5597619041661744E-002
   4.5705705705705704       -5.4947603971393720E-002
   4.5765765765765769       -5.4305042248834839E-002
   4.5825825825825826       -5.3669850394730691E-002
   4.5885885885885882       -5.3041945835859187E-002
   4.5945945945945947       -5.2421246895665470E-002
   4.6006006006006004       -5.1807672784985014E-002
   4.6066066066066069       -5.1201143592853771E-002
   4.6126126126126126       -5.0601580277406126E-002
   4.6186186186186182       -5.0008904656858345E-002
   4.6246246246246248       -4.9423039400578274E-002
   4.6306306306306304       -4.8843908020240107E-002
   4.6366366366366369       -4.8271434861062883E-002
   4.6426426426426426       -4.7705545093133392E-002
   4.6486486486486482       -4.7146164702811633E-002
   4.6546546546546548       -4.6593220484218829E-002
   4.6606606606606604       -4.6046640030807828E-002
   4.6666666666666670       -4.5506351727013138E-002
   4.6726726726726726       -4.4972284739983361E-002
   4.6786786786786783       -4.4444369011391600E-002
   4.6846846846846848       -4.3922535249326371E-002
   4.6906906906906904       -4.3406714920260679E-002
   4.6966966966966970       -4.2896840241098640E-002
   4.7027027027027026       -4.2392844171300181E-002
   4.7087087087087083       -4.1894660405081441E-002
   4.7147147147147148       -4.1402223363692023E-002
   4.7207207207207205       -4.0915468187767395E-002
   4.7267267267267270       -4.0434330729755656E-002
   4.7327327327327327       -3.9958747546419371E-002
   4.7387387387387383       -3.9488655891409916E-002
   4.7447447447447448       -3.9023993707915483E-002
   4.7507507507507505       -3.8564699621381412E-002
   4.7567567567567570       -3.8110712932301491E-002
   4.7627627627627627       -3.7661973609081530E-002
   4.7687687687687683       -3.7218422280972156E-002
   4.7747747747747749       -3.6780000231072488E-002
   4.7807807807807805       -3.6346649389402928E-002
   4.7867867867867870       -3.5918312326046163E-002
   4.7927927927927927       -3.5494932244357000E-002
   4.7987987987987983       -3.5076452974239003E-002
   4.8048048048048049       -3.4662818965488701E-002
   4.8108108108108105       -3.4253975281206057E-002
   4.8168168168168171       -3.3849867591270108E-002
   4.8228228228228227       -3.3450442165880820E-002
   4.8288288288288284       -3.3055645869164728E-002
   4.8348348348348349       -3.2665426152844998E-002
   4.8408408408408405       -3.2279731049975231E-002
   4.8468468468468471       -3.1898509168735587E-002
   4.8528528528528527       -3.1521709686292046E-002
   4.8588588588588584       -3.1149282342716796E-002
   4.8648648648648649       -3.0781177434970278E-002
   4.8708708708708706       -3.0417345810944216E-002
   4.8768768768768771       -3.0057738863564075E-002
   4.8828828828828827       -2.9702308524951967E-002
   4.8888888888888893       -2.9351007260647977E-002
   4.8948948948948949       -2.9003788063890777E-002
   4.9009009009009006       -2.8660604449955496E-002
   4.9069069069069071       -2.8321410450549703E-002
   4.9129129129129128       -2.7986160608266274E-002
   4.9189189189189193       -2.7654809971092296E-002
   4.9249249249249250       -2.7327314086974648E-002
   4.9309309309309306       -2.7003628998440228E-002
   4.9369369369369371       -2.6683711237271694E-002
   4.9429429429429428       -2.6367517819237518E-002
   4.9489489489489493       -2.6055006238875647E-002
   4.9549549549549550       -2.5746134464331025E-002
   4.9609609609609606       -2.5440860932245568E-002
   4.9669669669669672       -2.5139144542700963E-002
   4.9729729729729728       -2.4840944654213333E-002
   4.9789789789789793       -2.4546221078778976E-002
   4.9849849849849850       -2.4254934076971824E-002
   4.9909909909909906       -2.3967044353090591E-002
   4.9969969969969972       -2.3682513050356364E-002
   5.0030030030030028       -2.3401301746159921E-002
   5.0090090090090094       -2.3123372447357557E-002
   5.0150150150150150       -2.2848687585616225E-002
   5.0210210210210207       -2.2577210012806114E-002
   5.0270270270270272       -2.2308902996441522E-002
   5.0330330330330328       -2.2043730215168804E-002
   5.0390390390390394       -2.1781655754300824E-002
   5.0450450450450450       -2.1522644101398158E-002
   5.0510510510510507       -2.1266660141896009E-002
   5.0570570570570572       -2.1013669154776548E-002
   5.0630630630630629       -2.0763636808286544E-002
   5.0690690690690694       -2.0516529155699140E-002
   5.0750750750750750       -2.0272312631120358E-002
   5.0810810810810807       -2.0030954045338830E-002
   5.0870870870870872       -1.9792420581719126E-002
   5.0930930930930929       -1.9556679792138078E-002
   5.0990990990990994       -1.9323699592963269E-002
   5.1051051051051051       -1.9093448261073950E-002
   5.1111111111111107       -1.8865894429923272E-002
   5.1171171171171173       -1.8641007085642106E-002
   5.1231231231231229       -1.8418755563183550E-002
   5.1291291291291294       -1.8199109542507839E-002
   5.1351351351351351       -1.7982039044807538E-002
   5.1411411411411407       -1.7767514428772158E-002
   5.1471471471471473       -1.7555506386892211E-002
   5.1531531531531529       -1.7345985941802197E-002
   5.1591591591591595       -1.7138924442661848E-002
   5.1651651651651651       -1.6934293561575983E-002
   5.1711711711711708       -1.6732065290051491E-002
   5.1771771771771773       -1.6532211935492282E-002
   5.1831831831831829       -1.6334706117731024E-002
   5.1891891891891895       -1.6139520765597354E-002
   5.1951951951951951       -1.5946629113522744E-002
   5.2012012012012008       -1.5756004698180934E-002
   5.2072072072072073       -1.5567621355164230E-002
   5.2132132132132130       -1.5381453215694889E-002
   5.2192192192192195       -1.5197474703371247E-002
   5.2252252252252251       -1.5015660530948704E-002
   5.2312312312312308       -1.4835985697154474E-002
   5.2372372372372373       -1.4658425483536486E-002
   5.2432432432432430       -1.4482955451345670E-002
   5.2492492492492495       -1.4309551438451312E-002
   5.2552552552552552       -1.4138189556289465E-002
   5.2612612612612608       -1.3968846186843532E-002
   5.2672672672672673       -1.3801497979657277E-002
   5.2732732732732730       -1.3636121848879740E-002
   5.2792792792792795       -1.3472694970341282E-002
   5.2852852852852852       -1.3311194778661307E-002
   5.2912912912912908       -1.3151598964386559E-002
   5.2972972972972974       -1.2993885471160137E-002
   5.3033033033033030       -1.2838032492920771E-002
   5.3093093093093096       -1.2684018471131995E-002
   5.3153153153153152       -1.2531822092041065E-002
   5.3213213213213209       -1.2381422283967197E-002
   5.3273273273273274       -1.2232798214618755E-002
   5.3333333333333330       -1.2085929288439528E-002
   5.3393393393393396       -1.1940795143983041E-002
   5.3453453453453452       -1.1797375651315454E-002
   5.3513513513513509       -1.1655650909446039E-002
   5.3573573573573574       -1.1515601243785433E-002
   5.3633633633633631       -1.1377207203631268E-002
   5.3693693693693696       -1.1240449559680643E-002
   5.3753753753753752       -1.1105309301569619E-002
   5.3813813813813809       -1.0971767635438934E-002
   5.3873873873873874       -1.0839805981526217E-002
   5.3933933933933931       -1.0709405971784021E-002
   5.3993993993993996       -1.0580549447523430E-002
   5.4054054054054053       -1.0453218457083377E-002
   5.4114114114114118       -1.0327395253524854E-002
   5.4174174174174174       -1.0203062292350223E-002
   5.4234234234234231       -1.0080202229246970E-002
   5.4294294294294296       -9.9587979178560587E-003
   5.4354354354354353       -9.8388324075643404E-003
   5.4414414414414418       -9.7202889413207216E-003
   5.4474474474474475       -9.6031509534762940E-003
   5.4534534534534531       -9.4874020676474942E-003
   5.4594594594594597       -9.3730260946026742E-003
   5.4654654654654653       -9.2600070301715239E-003
   5.4714714714714718       -9.1483290531770983E-003
   5.4774774774774775       -9.0379765233904157E-003
   5.4834834834834831       -8.9289339795071108E-003
   5.4894894894894897       -8.8211861371461954E-003
   5.4954954954954953       -8.7147178868705703E-003
   5.5015015015015019       -8.6095142922288908E-003
   5.5075075075075075       -8.5055605878189919E-003
   5.5135135135135132       -8.4028421773721072E-003
   5.5195195195195197       -8.3013446318581860E-003
   5.5255255255255253       -8.2010536876117313E-003
   5.5315315315315319       -8.1019552444780256E-003
   5.5375375375375375       -8.0040353639796863E-003
   5.5435435435435432       -7.9072802675030727E-003
   5.5495495495495497       -7.8116763345045925E-003
   5.5555555555555554       -7.7172101007365696E-003
   5.5615615615615619       -7.6238682564924000E-003
   5.5675675675675675       -7.5316376448710332E-003
   5.5735735735735732       -7.4405052600602425E-003
   5.5795795795795797       -7.3504582456387774E-003
   5.5855855855855854       -7.2614838928971425E-003
   5.5915915915915919       -7.1735696391765497E-003
   5.5975975975975976       -7.0867030662262760E-003
   5.6036036036036032       -7.0008718985788742E-003
   5.6096096096096097       -6.9160640019432116E-003
   5.6156156156156154       -6.8322673816152042E-003
   5.6216216216216219       -6.7494701809057943E-003
   5.6276276276276276       -6.6676606795864181E-003
   5.6336336336336332       -6.5868272923513081E-003
   5.6396396396396398       -6.5069585672967670E-003
   5.6456456456456454       -6.4280431844172320E-003
   5.6516516516516520       -6.3500699541176805E-003
   5.6576576576576576       -6.2730278157425547E-003
   5.6636636636636633       -6.1969058361207247E-003
   5.6696696696696698       -6.1216932081265317E-003
   5.6756756756756754       -6.0473792492567232E-003
   5.6816816816816820       -5.9739534002228555E-003
   5.6876876876876876       -5.9014052235594576E-003
   5.6936936936936933       -5.8297244022472716E-003
   5.6996996996996998       -5.7589007383518596E-003
   5.7057057057057055       -5.6889241516771454E-003
   5.7117117117117120       -5.6197846784337311E-003
   5.7177177177177176       -5.5514724699220882E-003
   5.7237237237237233       -5.4839777912300790E-003
   5.7297297297297298       -5.4172910199449913E-003
   5.7357357357357355       -5.3514026448797675E-003
   5.7417417417417420       -5.2863032648132607E-003
   5.7477477477477477       -5.2219835872444973E-003
   5.7537537537537533       -5.1584344271606115E-003
   5.7597597597597598       -5.0956467058184867E-003
   5.7657657657657655       -5.0336114495398796E-003
   5.7717717717717720       -4.9723197885197818E-003
   5.7777777777777777       -4.9117629556481189E-003
   5.7837837837837833       -4.8519322853443686E-003
   5.7897897897897899       -4.7928192124051553E-003
   5.7957957957957955       -4.7344152708646498E-003
   5.8018018018018020       -4.6767120928674927E-003
   5.8078078078078077       -4.6197014075543804E-003
   5.8138138138138133       -4.5633750399598234E-003
   5.8198198198198199       -4.5077249099222949E-003
   5.8258258258258255       -4.4527430310064347E-003
   5.8318318318318321       -4.3984215094371422E-003
   5.8378378378378377       -4.3447525430456678E-003
   5.8438438438438434       -4.2917284202272444E-003
   5.8498498498498499       -4.2393415189104378E-003
   5.8558558558558556       -4.1875843055379103E-003
   5.8618618618618621       -4.1364493340584991E-003
   5.8678678678678677       -4.0859292449305562E-003
   5.8738738738738734       -4.0360167641363435E-003
   5.8798798798798799       -3.9867047022074265E-003
   5.8858858858858856       -3.9379859532609465E-003
   5.8918918918918921       -3.8898534940465450E-003
   5.8978978978978978       -3.8423003830040233E-003
   5.9039039039039043       -3.7953197593314182E-003
   5.9099099099099099       -3.7489048420635243E-003
   5.9159159159159156       -3.7030489291606768E-003
   5.9219219219219221       -3.6577453966076924E-003
   5.9279279279279278       -3.6129876975229181E-003
   5.9339339339339343       -3.5687693612771448E-003
   5.9399399399399400       -3.5250839926224678E-003
   5.9459459459459456       -3.4819252708307817E-003
   5.9519519519519521       -3.4392869488419509E-003
   5.9579579579579578       -3.3971628524215557E-003
   5.9639639639639643       -3.3555468793279295E-003
   5.9699699699699700       -3.3144329984886658E-003
   5.9759759759759756       -3.2738152491862032E-003
   5.9819819819819822       -3.2336877402526242E-003
   5.9879879879879878       -3.1940446492734415E-003
   5.9939939939939944       -3.1548802218002631E-003
   6.0000000000000000       -3.1161887705723791E-003
