   0.0000000000000000       -1.6179873345914437     
   6.0000000000000001E-003  -1.6243041712721791     
   1.2000000000000000E-002  -1.6310336346607812     
   1.8000000000000002E-002  -1.6381693582502042     
   2.4000000000000000E-002  -1.6457304267381492     
   2.9999999999999999E-002  -1.6537455711463824     
   3.6000000000000004E-002  -1.6621961067316064     
   4.2000000000000003E-002  -1.6710532099245370     
   4.8000000000000001E-002  -1.6803281048780789     
   5.3999999999999999E-002  -1.6900247633596450     
   5.9999999999999998E-002  -1.7001032472444919     
   6.6000000000000003E-002  -1.7105594182693054     
   7.2000000000000008E-002  -1.7214567685089630     
   7.8000000000000000E-002  -1.7328097691346329     
   8.4000000000000005E-002  -1.7445770357275840     
   8.9999999999999997E-002  -1.7567520055901049     
   9.6000000000000002E-002  -1.7693484065031519     
  0.10200000000000001       -1.7823593421690234     
  0.10800000000000000       -1.7957734905165150     
  0.11400000000000000       -1.8095973821471212     
  0.12000000000000000       -1.8238438533919599     
  0.12600000000000000       -1.8385297781741663     
  0.13200000000000001       -1.8536644930492692     
  0.13800000000000001       -1.8692427605577979     
  0.14400000000000002       -1.8852654687170158     
  0.14999999999999999       -1.9017406261782206     
  0.15600000000000000       -1.9186526821783723     
  0.16200000000000001       -1.9359786098715279     
  0.16800000000000001       -1.9537754602937465     
  0.17400000000000002       -1.9721114763490419     
  0.17999999999999999       -1.9909269040178099     
  0.18600000000000000       -2.0101626327227411     
  0.19200000000000000       -2.0298724312010687     
  0.19800000000000001       -2.0501039801006211     
  0.20400000000000001       -2.0708554783747459     
  0.20999999999999999       -2.0921014823522430     
  0.21600000000000000       -2.1137987730523538     
  0.22200000000000000       -2.1359653062669821     
  0.22800000000000001       -2.1586580004931850     
  0.23400000000000001       -2.1818623224413276     
  0.23999999999999999       -2.2055319704742775     
  0.24600000000000000       -2.2296705553861429     
  0.25200000000000000       -2.2542898265540217     
  0.25800000000000001       -2.2793698981728649     
  0.26400000000000001       -2.3049057064601151     
  0.27000000000000002       -2.3309324736509200     
  0.27600000000000002       -2.3574495236385147     
  0.28200000000000003       -2.3844076554253579     
  0.28800000000000003       -2.4118064160265611     
  0.29399999999999998       -2.4396839013247309     
  0.29999999999999999       -2.4680390852898810     
  0.30599999999999999       -2.4968459521286839     
  0.31200000000000000       -2.5260615153713353     
  0.31800000000000000       -2.5556613421716428     
  0.32400000000000001       -2.5857007460705042     
  0.33000000000000002       -2.6162159170387405     
  0.33600000000000002       -2.6471694691559069     
  0.34200000000000003       -2.6785220497918605     
  0.34800000000000003       -2.7102462768073039     
  0.35399999999999998       -2.7423648861694261     
  0.35999999999999999       -2.7749304946704907     
  0.36599999999999999       -2.8078727951872011     
  0.37200000000000000       -2.8410883684184629     
  0.37800000000000000       -2.8746508779534974     
  0.38400000000000001       -2.9086503368675469     
  0.39000000000000001       -2.9430104697581605     
  0.39600000000000002       -2.9776703489810643     
  0.40200000000000002       -3.0126824341974690     
  0.40800000000000003       -3.0480616314520983     
  0.41400000000000003       -3.0837497250462782     
  0.41999999999999998       -3.1197152690949146     
  0.42599999999999999       -3.1559571509461861     
  0.43200000000000000       -3.1924803133479838     
  0.43800000000000000       -3.2292908275783088     
  0.44400000000000001       -3.2663824794375849     
  0.45000000000000001       -3.3037423429370953     
  0.45600000000000002       -3.3413492693169236     
  0.46200000000000002       -3.3791881667407218     
  0.46800000000000003       -3.4172627289707247     
  0.47400000000000003       -3.4555759281103011     
  0.47999999999999998       -3.4941239593668314     
  0.48599999999999999       -3.5328763291571761     
  0.49199999999999999       -3.5717833883143637     
  0.49800000000000000       -3.6108650347338678     
  0.50400000000000000       -3.6501708030272937     
  0.51000000000000001       -3.6896680943427835     
  0.51600000000000001       -3.7293038461892554     
  0.52200000000000002       -3.7690720243960758     
  0.52800000000000002       -3.8089626926098603     
  0.53400000000000003       -3.8489266169908962     
  0.54000000000000004       -3.8889492678088082     
  0.54600000000000004       -3.9290793479518005     
  0.55200000000000005       -3.9693259480463041     
  0.55800000000000005       -4.0096500291764716     
  0.56400000000000006       -4.0500018261647295     
  0.57000000000000006       -4.0903370750523020     
  0.57600000000000007       -4.1306903435628328     
  0.58199999999999996       -4.1711006482017439     
  0.58799999999999997       -4.2114793604218335     
  0.59399999999999997       -4.2517502389477393     
  0.59999999999999998       -4.2919605463411159     
  0.60599999999999998       -4.3321474134477196     
  0.61199999999999999       -4.3722958899898110     
  0.61799999999999999       -4.4123694994547353     
  0.62400000000000000       -4.4523177931781355     
  0.63000000000000000       -4.4921466980713340     
  0.63600000000000001       -4.5318885309438830     
  0.64200000000000002       -4.5714598000737237     
  0.64800000000000002       -4.6107642250133072     
  0.65400000000000003       -4.6498960921619741     
  0.66000000000000003       -4.6889381458743777     
  0.66600000000000004       -4.7277853050567451     
  0.67200000000000004       -4.7663632998638050     
  0.67800000000000005       -4.8047112960382190     
  0.68400000000000005       -4.8428248469438575     
  0.69000000000000006       -4.8806387631754458     
  0.69600000000000006       -4.9181488086079579     
  0.70200000000000007       -4.9553908200824743     
  0.70799999999999996       -4.9923277344075512     
  0.71399999999999997       -5.0289064893659212     
  0.71999999999999997       -5.0651738440844980     
  0.72599999999999998       -5.1011680409165923     
  0.73199999999999998       -5.1368085267957806     
  0.73799999999999999       -5.1720399402880339     
  0.74399999999999999       -5.2068966449788281     
  0.75000000000000000       -5.2413879860573029     
  0.75600000000000001       -5.2754798586552987     
  0.76200000000000001       -5.3091700796300305     
  0.76800000000000002       -5.3424814817469528     
  0.77400000000000002       -5.3754027633860932     
  0.78000000000000003       -5.4079073977740855     
  0.78600000000000003       -5.4399845197865266     
  0.79200000000000004       -5.4716205887445764     
  0.79800000000000004       -5.5027760919829092     
  0.80400000000000005       -5.5334321137010924     
  0.81000000000000005       -5.5636216369426528     
  0.81600000000000006       -5.5933609120457257     
  0.82200000000000006       -5.6226354212306724     
  0.82800000000000007       -5.6514241895170887     
  0.83399999999999996       -5.6797052981333120     
  0.83999999999999997       -5.7074828186497744     
  0.84599999999999997       -5.7347675968915368     
  0.85199999999999998       -5.7615245012250096     
  0.85799999999999998       -5.7877209900533320     
  0.86399999999999999       -5.8133922444874360     
  0.87000000000000000       -5.8385547703927205     
  0.87600000000000000       -5.8631567252944361     
  0.88200000000000001       -5.8871856815896608     
  0.88800000000000001       -5.9106908725883471     
  0.89400000000000002       -5.9336611038461902     
  0.90000000000000002       -5.9560327520693193     
  0.90600000000000003       -5.9778047322658390     
  0.91200000000000003       -5.9990083597962967     
  0.91800000000000004       -6.0196427523340335     
  0.92400000000000004       -6.0396946776643041     
  0.93000000000000005       -6.0591499664443198     
  0.93600000000000005       -6.0780082362231003     
  0.94200000000000006       -6.0963006857234303     
  0.94800000000000006       -6.1140362362552398     
  0.95400000000000007       -6.1311854236577172     
  0.95999999999999996       -6.1477322717578140     
  0.96599999999999997       -6.1636770074823897     
  0.97199999999999998       -6.1790243182430968     
  0.97799999999999998       -6.1937827533024334     
  0.98399999999999999       -6.2079695466691334     
  0.98999999999999999       -6.2215988506848294     
  0.99600000000000000       -6.2346573544442672     
   1.0020000000000000       -6.2471252248515157     
   1.0080000000000000       -6.2589843166071928     
   1.0140000000000000       -6.2702196331400000     
   1.0200000000000000       -6.2808223120924982     
   1.0260000000000000       -6.2908261698748573     
   1.0320000000000000       -6.3003000863165148     
   1.0380000000000000       -6.3092282009150429     
   1.0440000000000000       -6.3175479116655664     
   1.0500000000000000       -6.3252759231100333     
   1.0560000000000000       -6.3324500027611119     
   1.0620000000000001       -6.3390527341768461     
   1.0680000000000001       -6.3450549990169014     
   1.0740000000000001       -6.3504355480375647     
   1.0800000000000001       -6.3551982098412294     
   1.0860000000000001       -6.3593842105031362     
   1.0920000000000001       -6.3630117922219034     
   1.0980000000000001       -6.3660716111477669     
   1.1040000000000001       -6.3685673303647565     
   1.1100000000000001       -6.3705078386850742     
   1.1160000000000001       -6.3718653056774484     
   1.1220000000000001       -6.3726122465272761     
   1.1280000000000001       -6.3727942412648453     
   1.1340000000000001       -6.3724592792922632     
   1.1400000000000001       -6.3716041506793157     
   1.1460000000000001       -6.3702091917789039     
   1.1520000000000001       -6.3682427475366969     
   1.1579999999999999       -6.3657104341073776     
   1.1639999999999999       -6.3626606768528386     
   1.1699999999999999       -6.3591272562507175     
   1.1759999999999999       -6.3551250431962858     
   1.1819999999999999       -6.3506196534863664     
   1.1879999999999999       -6.3455711941666646     
   1.1940000000000000       -6.3400249995184321     
   1.2000000000000000       -6.3340216486864094     
   1.2060000000000000       -6.3275105928378714     
   1.2120000000000000       -6.3204803495756021     
   1.2180000000000000       -6.3130190941971218     
   1.2240000000000000       -6.3051343313583912     
   1.2300000000000000       -6.2967295265462067     
   1.2360000000000000       -6.2878034293668721     
   1.2420000000000000       -6.2784317651331278     
   1.2480000000000000       -6.2686357390030967     
   1.2540000000000000       -6.2584017762757957     
   1.2600000000000000       -6.2476875666750313     
   1.2660000000000000       -6.2364772731365461     
   1.2720000000000000       -6.2248653525768276     
   1.2780000000000000       -6.2128947413468305     
   1.2840000000000000       -6.2004681148228169     
   1.2900000000000000       -6.1875431843700870     
   1.2960000000000000       -6.1741682331962382     
   1.3020000000000000       -6.1603583599519247     
   1.3080000000000001       -6.1461043780641731     
   1.3140000000000001       -6.1314785485959211     
   1.3200000000000001       -6.1165594653556932     
   1.3260000000000001       -6.1012200188389567     
   1.3320000000000001       -6.0853376567200748     
   1.3380000000000001       -6.0690438085949889     
   1.3440000000000001       -6.0524360354308655     
   1.3500000000000001       -6.0354250251678110     
   1.3560000000000001       -6.0179761071745546     
   1.3620000000000001       -6.0001616911526385     
   1.3680000000000001       -5.9820660828986512     
   1.3740000000000001       -5.9637578118151735     
   1.3800000000000001       -5.9451212992086404     
   1.3860000000000001       -5.9259846153788729     
   1.3920000000000001       -5.9064442213512223     
   1.3980000000000001       -5.8866461514483301     
   1.4040000000000001       -5.8665546064885303     
   1.4099999999999999       -5.8461185401595692     
   1.4159999999999999       -5.8253454018287112     
   1.4219999999999999       -5.8042906508722716     
   1.4279999999999999       -5.7830577456620933     
   1.4339999999999999       -5.7615846242173321     
   1.4399999999999999       -5.7396757502894751     
   1.4460000000000000       -5.7173689378195611     
   1.4520000000000000       -5.6948216763999033     
   1.4580000000000000       -5.6720173607415294     
   1.4640000000000000       -5.6489126691220566     
   1.4700000000000000       -5.6256230704400814     
   1.4760000000000000       -5.6021947298208703     
   1.4820000000000000       -5.5784256278212476     
   1.4880000000000000       -5.5542233237123071     
   1.4940000000000000       -5.5297176494257885     
   1.5000000000000000       -5.5049896837423580     
   1.5060000000000000       -5.4800471513972449     
   1.5120000000000000       -5.4548348571329912     
   1.5180000000000000       -5.4292940860252195     
   1.5240000000000000       -5.4036000000000000     
   1.5300000000000000       -5.3779163412672570     
   1.5360000000000000       -5.3519788986206365     
   1.5420000000000000       -5.3255847917852499     
   1.5480000000000000       -5.2989606933988460     
   1.5540000000000000       -5.2722198607427284     
   1.5600000000000001       -5.2451909263178678     
   1.5660000000000001       -5.2179336575367357     
   1.5720000000000001       -5.1907426191564019     
   1.5780000000000001       -5.1634932716700108     
   1.5840000000000001       -5.1358300139934574     
   1.5900000000000001       -5.1078355697495716     
   1.5960000000000001       -5.0797380629861690     
   1.6020000000000001       -5.0515299246101044     
   1.6080000000000001       -5.0231580482511360     
   1.6140000000000001       -4.9946233897103278     
   1.6200000000000001       -4.9659788678927548     
   1.6260000000000001       -4.9373439409681872     
   1.6320000000000001       -4.9086613831587078     
   1.6380000000000001       -4.8796921317158706     
   1.6440000000000001       -4.8504511248874707     
   1.6500000000000001       -4.8211207835616303     
   1.6560000000000001       -4.7916773222747215     
   1.6620000000000001       -4.7620564750019767     
   1.6679999999999999       -4.7324563198095300     
   1.6739999999999999       -4.7029949289931574     
   1.6799999999999999       -4.6733593471212771     
   1.6859999999999999       -4.6433714262380370     
   1.6919999999999999       -4.6132398308058615     
   1.6980000000000000       -4.5830807353150540     
   1.7040000000000000       -4.5528502989805286     
   1.7100000000000000       -4.5225024217441234     
   1.7160000000000000       -4.4920157355616066     
   1.7220000000000000       -4.4615273609682387     
   1.7280000000000000       -4.4311788114755508     
   1.7340000000000000       -4.4007537562880348     
   1.7400000000000000       -4.3700406929924256     
   1.7460000000000000       -4.3391831674234664     
   1.7520000000000000       -4.3082846888587518     
   1.7580000000000000       -4.2772419951214058     
   1.7640000000000000       -4.2461197433125912     
   1.7700000000000000       -4.2151964038953231     
   1.7760000000000000       -4.1843623314324434     
   1.7820000000000000       -4.1532309203144901     
   1.7880000000000000       -4.1218424121253410     
   1.7940000000000000       -4.0904305072185485     
   1.8000000000000000       -4.0590029686422167     
   1.8060000000000000       -4.0275047189049227     
   1.8120000000000001       -3.9959238501278307     
   1.8180000000000001       -3.9643131547435404     
   1.8240000000000001       -3.9328320623414164     
   1.8300000000000001       -3.9014571319363274     
   1.8360000000000001       -3.8699238399312712     
   1.8420000000000001       -3.8381985644806451     
   1.8480000000000001       -3.8064502115887198     
   1.8540000000000001       -3.7747058542892291     
   1.8600000000000001       -3.7429420855137110     
   1.8660000000000001       -3.7113263500681177     
   1.8720000000000001       -3.6799766128531810     
   1.8780000000000001       -3.6486072152336031     
   1.8840000000000001       -3.6170239342343047     
   1.8900000000000001       -3.5854287284637998     
   1.8960000000000001       -3.5539557041803365     
   1.9020000000000001       -3.5225661150679386     
   1.9080000000000001       -3.4912085868735208     
   1.9140000000000001       -3.4598498810082434     
   1.9199999999999999       -3.4286370827048769     
   1.9259999999999999       -3.3977559651550457     
   1.9319999999999999       -3.3669860637606055     
   1.9379999999999999       -3.3360643746219210     
   1.9440000000000000       -3.3051418380431725     
   1.9500000000000000       -3.2743661210843089     
   1.9560000000000000       -3.2436495662520954     
   1.9620000000000000       -3.2130122315740088     
   1.9680000000000000       -3.1826705173699219     
   1.9740000000000000       -3.1525522570645208     
   1.9800000000000000       -3.1223257738076557     
   1.9860000000000000       -3.0920344071121528     
   1.9920000000000000       -3.0619304858202234     
   1.9980000000000000       -3.0320000000000000     
   2.0040000000000000       -3.0021405369305310     
   2.0100000000000002       -2.9723370266772049     
   2.0160000000000000       -2.9426456247610902     
   2.0220000000000002       -2.9132403444696520     
   2.0280000000000000       -2.8841241177664783     
   2.0340000000000003       -2.8550164849065869     
   2.0400000000000000       -2.8258699600080206     
   2.0460000000000003       -2.7968894450484716     
   2.0520000000000000       -2.7680758260477329     
   2.0579999999999998       -2.7393202186658803     
   2.0640000000000001       -2.7107725316296234     
   2.0699999999999998       -2.6825991467495278     
   2.0760000000000001       -2.6545559245039523     
   2.0819999999999999       -2.6264353836237877     
   2.0880000000000001       -2.5984206790006708     
   2.0939999999999999       -2.5706419814270980     
   2.1000000000000001       -2.5430303576882451     
   2.1059999999999999       -2.5155446767763801     
   2.1120000000000001       -2.4882002291986907     
   2.1179999999999999       -2.4610839655188301     
   2.1240000000000001       -2.4343005770759003     
   2.1299999999999999       -2.4077271910965079     
   2.1360000000000001       -2.3811861001815142     
   2.1419999999999999       -2.3547194839550820     
   2.1480000000000001       -2.3284187091383157     
   2.1539999999999999       -2.3023331161750664     
   2.1600000000000001       -2.2764630115192914     
   2.1659999999999999       -2.2507385152513883     
   2.1720000000000002       -2.2252019360225361     
   2.1779999999999999       -2.2000146621975425     
   2.1840000000000002       -2.1751010616980024     
   2.1899999999999999       -2.1502359142483183     
   2.1960000000000002       -2.1254462115059707     
   2.2020000000000000       -2.1008585555790562     
   2.2080000000000002       -2.0764686686894960     
   2.2140000000000000       -2.0522687318277111     
   2.2200000000000002       -2.0283585441284733     
   2.2260000000000000       -2.0047676312667670     
   2.2320000000000002       -1.9813603355683109     
   2.2380000000000000       -1.9580656217243626     
   2.2440000000000002       -1.9349176080773054     
   2.2500000000000000       -1.9119873706233161     
   2.2560000000000002       -1.8893543675590192     
   2.2620000000000000       -1.8669595645892931     
   2.2680000000000002       -1.8447193133551016     
   2.2740000000000000       -1.8227901041820129     
   2.2800000000000002       -1.8013001284263082     
   2.2860000000000000       -1.7800496101366057     
   2.2920000000000003       -1.7588985197237250     
   2.2980000000000000       -1.7379562814377167     
   2.3040000000000003       -1.7172840571620775     
   2.3100000000000001       -1.6968466764053747     
   2.3159999999999998       -1.6767034541058790     
   2.3220000000000001       -1.6569746681733284     
   2.3279999999999998       -1.6375557698733345     
   2.3340000000000001       -1.6182622186339979     
   2.3399999999999999       -1.5991509660546068     
   2.3460000000000001       -1.5803330829625213     
   2.3519999999999999       -1.5618108281263228     
   2.3580000000000001       -1.5435521202179148     
   2.3639999999999999       -1.5255034491139776     
   2.3700000000000001       -1.5076956227436051     
   2.3759999999999999       -1.4902681979213246     
   2.3820000000000001       -1.4731862287795441     
   2.3879999999999999       -1.4562712478788644     
   2.3940000000000001       -1.4395166075476866     
   2.3999999999999999       -1.4230083216478593     
   2.4060000000000001       -1.4067625998723776     
   2.4119999999999999       -1.3907783658882611     
   2.4180000000000001       -1.3750868361470308     
   2.4239999999999999       -1.3596891390256971     
   2.4300000000000002       -1.3445039829725491     
   2.4359999999999999       -1.3294881636118783     
   2.4420000000000002       -1.3146717688716469     
   2.4480000000000000       -1.3000753707031336     
   2.4540000000000002       -1.2857013978917826     
   2.4600000000000000       -1.2715152376832572     
   2.4660000000000002       -1.2574787728038008     
   2.4720000000000000       -1.2436724673279602     
   2.4780000000000002       -1.2301767235781194     
   2.4840000000000000       -1.2168956056620472     
   2.4900000000000002       -1.2037263351864165     
   2.4960000000000000       -1.1906529283321463     
   2.5020000000000002       -1.1777039440701291     
   2.5080000000000000       -1.1649543393930317     
   2.5140000000000002       -1.1524296540083598     
   2.5200000000000000       -1.1401005596808329     
   2.5260000000000002       -1.1279210449451293     
   2.5320000000000000       -1.1158456800896055     
   2.5380000000000003       -1.1038977529514644     
   2.5440000000000000       -1.0921131938029602     
   2.5500000000000003       -1.0804579626159625     
   2.5560000000000000       -1.0689080489466174     
   2.5619999999999998       -1.0575108295188107     
   2.5680000000000001       -1.0463076848993302     
   2.5739999999999998       -1.0353095113211632     
   2.5800000000000001       -1.0244625679198129     
   2.5859999999999999       -1.0136589989624543     
   2.5920000000000001       -1.0029268454969340     
   2.5979999999999999      -0.99237296288683197     
   2.6040000000000001      -0.98196549979003001     
   2.6099999999999999      -0.97163996650146500     
   2.6160000000000001      -0.96146599632552043     
   2.6219999999999999      -0.95149254086495805     
   2.6280000000000001      -0.94161312955766741     
   2.6339999999999999      -0.93176728668421394     
   2.6400000000000001      -0.92202091483141824     
   2.6459999999999999      -0.91240564866095641     
   2.6520000000000001      -0.90289975388885002     
   2.6579999999999999      -0.89348774957225285     
   2.6640000000000001      -0.88416635192923654     
   2.6699999999999999      -0.87497507916026407     
   2.6760000000000002      -0.86595003847707308     
   2.6819999999999999      -0.85701801324000071     
   2.6880000000000002      -0.84811138364834759     
   2.6940000000000000      -0.83927329512791338     
   2.7000000000000002      -0.83053594349707494     
   2.7060000000000000      -0.82187459080999603     
   2.7120000000000002      -0.81330099040327575     
   2.7180000000000000      -0.80487168403531939     
   2.7240000000000002      -0.79655403502667699     
   2.7300000000000000      -0.78825612586228322     
   2.7360000000000002      -0.77998602737126310     
   2.7420000000000000      -0.77179503377512093     
   2.7480000000000002      -0.76368725687198991     
   2.7540000000000000      -0.75565042237442293     
   2.7600000000000002      -0.74766911286194970     
   2.7660000000000000      -0.73975026116481502     
   2.7720000000000002      -0.73194383351289805     
   2.7780000000000000      -0.72424390044010145     
   2.7840000000000003      -0.71657287444494133     
   2.7900000000000000      -0.70892088396767838     
   2.7960000000000003      -0.70133492133208897     
   2.8020000000000000      -0.69382683347931606     
   2.8080000000000003      -0.68638833213498529     
   2.8140000000000001      -0.67900976005727998     
   2.8199999999999998      -0.67169287753130935     
   2.8260000000000001      -0.66447804425904788     
   2.8319999999999999      -0.65737464514238342     
   2.8380000000000001      -0.65031405769046946     
   2.8439999999999999      -0.64327123428369537     
   2.8500000000000001      -0.63629118976815535     
   2.8559999999999999      -0.62938586004541131     
   2.8620000000000001      -0.62253805464643053     
   2.8679999999999999      -0.61577187133841038     
   2.8740000000000001      -0.60912131028024952     
   2.8799999999999999      -0.60254101316316833     
   2.8860000000000001      -0.59597915237139476     
   2.8919999999999999      -0.58946232290323497     
   2.8980000000000001      -0.58302085323547614     
   2.9039999999999999      -0.57665356946338486     
   2.9100000000000001      -0.57035192713601157     
   2.9159999999999999      -0.56410454274182109     
   2.9220000000000002      -0.55793071779227543     
   2.9279999999999999      -0.55187107936871493     
   2.9340000000000002      -0.54589404503117356     
   2.9399999999999999      -0.53993776316190156     
   2.9460000000000002      -0.53402201653327042     
   2.9520000000000000      -0.52818538415075889     
   2.9580000000000002      -0.52241640424266711     
   2.9640000000000000      -0.51670949880763128     
   2.9700000000000002      -0.51109993732927617     
   2.9760000000000000      -0.50558795887079444     
   2.9820000000000002      -0.50011543748742882     
   2.9880000000000000      -0.49467137386263593     
   2.9940000000000002      -0.48929434367408281     
   3.0000000000000000      -0.48399593073510105     
   3.0060000000000002      -0.47876830809626464     
   3.0120000000000000      -0.47360000000000008     
   3.0180000000000002      -0.46848690349176431     
   3.0240000000000000      -0.46345972484326609     
   3.0300000000000002      -0.45853280806224250     
   3.0360000000000000      -0.45365935169489047     
   3.0420000000000003      -0.44881423452072222     
   3.0480000000000000      -0.44402183719276156     
   3.0540000000000003      -0.43929224914551074     
   3.0600000000000001      -0.43461780171855818     
   3.0660000000000003      -0.43001390924271543     
   3.0720000000000001      -0.42550427677978747     
   3.0779999999999998      -0.42105776750732260     
   3.0840000000000001      -0.41663320889790767     
   3.0899999999999999      -0.41224901509796641     
   3.0960000000000001      -0.40792896580624705     
   3.1019999999999999      -0.40366677139562057     
   3.1080000000000001      -0.39945534035969860     
   3.1139999999999999      -0.39529509102735677     
   3.1200000000000001      -0.39119492274901529     
   3.1259999999999999      -0.38716992334696543     
   3.1320000000000001      -0.38320480880624291     
   3.1379999999999999      -0.37926745745461121     
   3.1440000000000001      -0.37536386164525082     
   3.1499999999999999      -0.37151278111807856     
   3.1560000000000001      -0.36770808484265766     
   3.1619999999999999      -0.36394626449903417     
   3.1680000000000001      -0.36025148055110956     
   3.1739999999999999      -0.35662748773790809     
   3.1800000000000002      -0.35303418935487041     
   3.1859999999999999      -0.34945918404606618     
   3.1920000000000002      -0.34592717263161615     
   3.1980000000000000      -0.34244579576450318     
   3.2040000000000002      -0.33900782940322993     
   3.2100000000000000      -0.33560571678156387     
   3.2160000000000002      -0.33223675344025944     
   3.2220000000000000      -0.32892170779551072     
   3.2280000000000002      -0.32567295219894477     
   3.2340000000000000      -0.32245683350335558     
   3.2400000000000002      -0.31925354929216526     
   3.2460000000000000      -0.31608623228048843     
   3.2520000000000002      -0.31296266389976884     
   3.2580000000000000      -0.30986683902207351     
   3.2640000000000002      -0.30680635840939924     
   3.2700000000000000      -0.30380446229361302     
   3.2760000000000002      -0.30084501921690321     
   3.2820000000000000      -0.29789876341560956     
   3.2880000000000003      -0.29497640303657935     
   3.2940000000000000      -0.29209501147138456     
   3.3000000000000003      -0.28924830065790064     
   3.3060000000000000      -0.28642878040798747     
   3.3120000000000003      -0.28363648381319601     
   3.3180000000000001      -0.28087945097567535     
   3.3240000000000003      -0.27817351350725306     
   3.3300000000000001      -0.27551060814087325     
   3.3359999999999999      -0.27286470577917221     
   3.3420000000000001      -0.27023509014059360     
   3.3479999999999999      -0.26763378543731109     
   3.3540000000000001      -0.26506207829885409     
   3.3599999999999999      -0.26252091868903138     
   3.3660000000000001      -0.26002326692010269     
   3.3719999999999999      -0.25757120388743626     
   3.3780000000000001      -0.25513859649417592     
   3.3839999999999999      -0.25271430334249467     
   3.3900000000000001      -0.25031323455980109     
   3.3959999999999999      -0.24794422603658825     
   3.4020000000000001      -0.24560790830265178     
   3.4079999999999999      -0.24329684316541125     
   3.4140000000000001      -0.24100374605645147     
   3.4199999999999999      -0.23874556301949607     
   3.4260000000000002      -0.23653655653792446     
   3.4319999999999999      -0.23434886775136482     
   3.4380000000000002      -0.23216208815707715     
   3.4440000000000000      -0.22999538130059172     
   3.4500000000000002      -0.22786132755493349     
   3.4560000000000000      -0.22575433101684578     
   3.4620000000000002      -0.22366761434740293     
   3.4680000000000000      -0.22159625068204097     
   3.4740000000000002      -0.21955270290243484     
   3.4800000000000000      -0.21755415533063024     
   3.4860000000000002      -0.21557999999999999     
   3.4920000000000000      -0.21360514457725527     
   3.4980000000000002      -0.21164554861951557     
   3.5040000000000000      -0.20971598469054051     
   3.5100000000000002      -0.20780343926015651     
   3.5160000000000000      -0.20590613569920360     
   3.5220000000000002      -0.20404510794496089     
   3.5280000000000000      -0.20221726520921890     
   3.5340000000000003      -0.20039562816526529     
   3.5400000000000000      -0.19858052848795466     
   3.5460000000000003      -0.19678885007267682     
   3.5520000000000000      -0.19501935555500702     
   3.5580000000000003      -0.19326548172183572     
   3.5640000000000001      -0.19153142902782652     
   3.5700000000000003      -0.18982257783907597     
   3.5760000000000001      -0.18814003418297162     
   3.5820000000000003      -0.18647992218685241     
   3.5880000000000001      -0.18483179649528830     
   3.5939999999999999      -0.18319511642355185     
   3.6000000000000001      -0.18158001971086363     
   3.6059999999999999      -0.17998668712850491     
   3.6120000000000001      -0.17840921899312082     
   3.6179999999999999      -0.17685148740788656     
   3.6240000000000001      -0.17531887667104343     
   3.6299999999999999      -0.17380378272758915     
   3.6360000000000001      -0.17229920043130648     
   3.6419999999999999      -0.17081001289460640     
   3.6480000000000001      -0.16934032569895024     
   3.6539999999999999      -0.16788917203925607     
   3.6600000000000001      -0.16645526604124355     
   3.6659999999999999      -0.16503800494041329     
   3.6720000000000002      -0.16363991636764647     
   3.6779999999999999      -0.16226497989927408     
   3.6840000000000002      -0.16090980999344220     
   3.6899999999999999      -0.15956821711009961     
   3.6960000000000002      -0.15823734397446604     
   3.7020000000000000      -0.15691740732379034     
   3.7080000000000002      -0.15561470531686750     
   3.7140000000000000      -0.15433464485420995     
   3.7200000000000002      -0.15307874679817629     
   3.7260000000000000      -0.15184225314782046     
   3.7320000000000002      -0.15061405497926433     
   3.7380000000000000      -0.14939319536275997     
   3.7440000000000002      -0.14818675552925109     
   3.7500000000000000      -0.14699819330251815     
   3.7560000000000002      -0.14582830425533094     
   3.7620000000000000      -0.14467435221144542     
   3.7680000000000002      -0.14353418924015604     
   3.7740000000000000      -0.14241101602507061     
   3.7800000000000002      -0.14130607246668453     
   3.7860000000000000      -0.14021485556176033     
   3.7920000000000003      -0.13913461356482576     
   3.7980000000000000      -0.13806575416642039     
   3.8040000000000003      -0.13700939261688727     
   3.8100000000000001      -0.13596714115311509     
   3.8160000000000003      -0.13494152972500967     
   3.8220000000000001      -0.13393432292383273     
   3.8280000000000003      -0.13294051578219593     
   3.8340000000000001      -0.13195495354845596     
   3.8399999999999999      -0.13097977391641474     
   3.8460000000000001      -0.13001733962651282     
   3.8519999999999999      -0.12906716007808164     
   3.8580000000000001      -0.12812861875547588     
   3.8639999999999999      -0.12720150866238195     
   3.8700000000000001      -0.12628670801668540     
   3.8759999999999999      -0.12538574796437324     
   3.8820000000000001      -0.12449758868104077     
   3.8879999999999999      -0.12361987364065206     
   3.8940000000000001      -0.12275117750729946     
   3.8999999999999999      -0.12189099823724094     
   3.9060000000000001      -0.12104087709538909     
   3.9119999999999999      -0.12020304108942910     
   3.9180000000000001      -0.11938011309475886     
   3.9239999999999999      -0.11856982694456181     
   3.9300000000000002      -0.11776337286072472     
   3.9359999999999999      -0.11696139878536591     
   3.9420000000000002      -0.11617304750289011     
   3.9480000000000000      -0.11539613135946833     
   3.9540000000000002      -0.11462302058648666     
   3.9600000000000000      -0.11385734321080716     
   3.9660000000000002      -0.11310517459812189     
   3.9720000000000000      -0.11236507116624969     
   3.9780000000000002      -0.11163390518274147     
   3.9840000000000000      -0.11090881399339114     
   3.9900000000000002      -0.11018832655763253     
   3.9960000000000000      -0.10947310906967214     
   4.0019999999999998      -0.10876445757508732     
   4.0080000000000000      -0.10806412204653373     
   4.0140000000000002      -0.10737391976170527     
   4.0200000000000005      -0.10669474300644391     
   4.0259999999999998      -0.10602122252699209     
   4.0320000000000000      -0.10534801061041368     
   4.0380000000000003      -0.10468057440798637     
   4.0440000000000005      -0.10402399952620128     
   4.0499999999999998      -0.10337507005140859     
   4.0560000000000000      -0.10273095014650417     
   4.0620000000000003      -0.10209163777468469     
   4.0680000000000005      -0.10145909777200948     
   4.0739999999999998      -0.10083665752989893     
   4.0800000000000001      -0.10022236834650591     
   4.0860000000000003       -9.9611381173445895E-002
   4.0920000000000005       -9.9004143606397949E-002
   4.0979999999999999       -9.8402839916010620E-002
   4.1040000000000001       -9.7806775387606376E-002
   4.1100000000000003       -9.7215806722479259E-002
   4.1159999999999997       -9.6633388477339668E-002
   4.1219999999999999       -9.6059834021325716E-002
   4.1280000000000001       -9.5489246405951439E-002
   4.1340000000000003       -9.4920019158516153E-002
   4.1399999999999997       -9.4355933038509324E-002
   4.1459999999999999       -9.3798128185611965E-002
   4.1520000000000001       -9.3245588323575296E-002
   4.1580000000000004       -9.2697318761255948E-002
   4.1639999999999997       -9.2153056088486285E-002
   4.1699999999999999       -9.1615808363460838E-002
   4.1760000000000002       -9.1087149214005361E-002
   4.1820000000000004       -9.0561945363446889E-002
   4.1879999999999997       -9.0037135597047430E-002
   4.1940000000000000       -8.9515624337104666E-002
   4.2000000000000002       -8.8999205185024244E-002
   4.2060000000000004       -8.8487547553350546E-002
   4.2119999999999997       -8.7979949704055316E-002
   4.2180000000000000       -8.7475823971554470E-002
   4.2240000000000002       -8.6976993486155993E-002
   4.2300000000000004       -8.6485351463662014E-002
   4.2359999999999998       -8.5997344971447287E-002
   4.2420000000000000       -8.5509529523266306E-002
   4.2480000000000002       -8.5023997706616478E-002
   4.2540000000000004       -8.4542467345585542E-002
   4.2599999999999998       -8.4063884356513088E-002
   4.2660000000000000       -8.3588991078622124E-002
   4.2720000000000002       -8.3120837335030950E-002
   4.2780000000000005       -8.2657505846187598E-002
   4.2839999999999998       -8.2193651360843778E-002
   4.2900000000000000       -8.1730162955300334E-002
   4.2960000000000003       -8.1270625804806026E-002
   4.3020000000000005       -8.0814681403966929E-002
   4.3079999999999998       -8.0360875098687778E-002
   4.3140000000000001       -7.9908581296482928E-002
   4.3200000000000003       -7.9458569767266993E-002
   4.3260000000000005       -7.9014013592752064E-002
   4.3319999999999999       -7.8574530997236422E-002
   4.3380000000000001       -7.8134973073618941E-002
   4.3440000000000003       -7.7694514384105212E-002
   4.3500000000000005       -7.7256113528365866E-002
   4.3559999999999999       -7.6819821077286063E-002
   4.3620000000000001       -7.6384914078368366E-002
   4.3680000000000003       -7.5953565852529104E-002
   4.3739999999999997       -7.5527259757264500E-002
   4.3799999999999999       -7.5101684401508773E-002
   4.3860000000000001       -7.4673870387942001E-002
   4.3920000000000003       -7.4246612342517337E-002
   4.3979999999999997       -7.3821694391071946E-002
   4.4039999999999999       -7.3398367584762800E-002
   4.4100000000000001       -7.2975762182613910E-002
   4.4160000000000004       -7.2553296216715843E-002
   4.4219999999999997       -7.2132755977862104E-002
   4.4279999999999999       -7.1716407468687501E-002
   4.4340000000000002       -7.1301057416029850E-002
   4.4400000000000004       -7.0883009573098829E-002
   4.4459999999999997       -7.0464354262408352E-002
   4.4520000000000000       -7.0047098956798184E-002
   4.4580000000000002       -6.9629876336805230E-002
   4.4640000000000004       -6.9212739957161623E-002
   4.4699999999999998       -6.8798402246095292E-002
   4.4760000000000000       -6.8385899465333799E-002
   4.4820000000000002       -6.7970918194688743E-002
   4.4880000000000004       -6.7553573591405111E-002
   4.4939999999999998       -6.7136542403611124E-002
   4.5000000000000000       -6.6720000000000002E-002
   4.5060000000000002       -6.6303124999657251E-002
   4.5120000000000005       -6.5885264463538276E-002
   4.5179999999999998       -6.5466838362095367E-002
   4.5240000000000000       -6.5050731464678463E-002
   4.5300000000000002       -6.4637152452453744E-002
   4.5360000000000005       -6.4221732495922973E-002
   4.5419999999999998       -6.3803499645293679E-002
   4.5480000000000000       -6.3385263044890269E-002
   4.5540000000000003       -6.2967594478662708E-002
   4.5600000000000005       -6.2549810341439638E-002
   4.5659999999999998       -6.2133898122119099E-002
   4.5720000000000001       -6.1721742276797942E-002
   4.5780000000000003       -6.1309944800548542E-002
   4.5840000000000005       -6.0895566042331192E-002
   4.5899999999999999       -6.0480618449171866E-002
   4.5960000000000001       -6.0066979403613413E-002
   4.6020000000000003       -5.9654866540747545E-002
   4.6080000000000005       -5.9243736072567700E-002
   4.6139999999999999       -5.8832609264138927E-002
   4.6200000000000001       -5.8423306763381637E-002
   4.6260000000000003       -5.8018832216897596E-002
   4.6319999999999997       -5.7616186603968784E-002
   4.6379999999999999       -5.7211084951040062E-002
   4.6440000000000001       -5.6805852166457518E-002
   4.6500000000000004       -5.6403344663818356E-002
   4.6559999999999997       -5.6002507711612325E-002
   4.6619999999999999       -5.5603136219330600E-002
   4.6680000000000001       -5.5207642148406177E-002
   4.6740000000000004       -5.4815660911441327E-002
   4.6799999999999997       -5.4423585806624965E-002
   4.6859999999999999       -5.4031283971401473E-002
   4.6920000000000002       -5.3641195069072813E-002
   4.6980000000000004       -5.3253750040653372E-002
   4.7039999999999997       -5.2868389367488874E-002
   4.7100000000000000       -5.2484695382691515E-002
   4.7160000000000002       -5.2103053928322950E-002
   4.7220000000000004       -5.1726091716296510E-002
   4.7279999999999998       -5.1354251266243343E-002
   4.7340000000000000       -5.0983253543549156E-002
   4.7400000000000002       -5.0611976805090178E-002
   4.7460000000000004       -5.0243682234437266E-002
   4.7519999999999998       -4.9878879091124671E-002
   4.7580000000000000       -4.9516006345216926E-002
   4.7640000000000002       -4.9156680686574306E-002
   4.7700000000000005       -4.8803185358488779E-002
   4.7759999999999998       -4.8452630137255356E-002
   4.7820000000000000       -4.8101932060721518E-002
   4.7880000000000003       -4.7752821385109799E-002
   4.7940000000000005       -4.7407013388064884E-002
   4.7999999999999998       -4.7064197235674073E-002
   4.8060000000000000       -4.6723844949834989E-002
   4.8120000000000003       -4.6385555666741400E-002
   4.8180000000000005       -4.6050492004419651E-002
   4.8239999999999998       -4.5720678966463368E-002
   4.8300000000000001       -4.5394086864339517E-002
   4.8360000000000003       -4.5067345694771790E-002
   4.8420000000000005       -4.4741790395720966E-002
   4.8479999999999999       -4.4419438045456040E-002
   4.8540000000000001       -4.4099988354566966E-002
   4.8600000000000003       -4.3782722752618068E-002
   4.8659999999999997       -4.3467293425139178E-002
   4.8719999999999999       -4.3154412940818655E-002
   4.8780000000000001       -4.2846016860827382E-002
   4.8840000000000003       -4.2541236471302972E-002
   4.8899999999999997       -4.2236971068518286E-002
   4.8959999999999999       -4.1933328943816447E-002
   4.9020000000000001       -4.1632051938778461E-002
   4.9080000000000004       -4.1333062534782382E-002
   4.9139999999999997       -4.1036098417654210E-002
   4.9199999999999999       -4.0742691830192593E-002
   4.9260000000000002       -4.0453294282953897E-002
   4.9320000000000004       -4.0165065514105605E-002
   4.9379999999999997       -3.9876799040283559E-002
   4.9440000000000000       -3.9590317875586284E-002
   4.9500000000000002       -3.9306424163729620E-002
   4.9560000000000004       -3.9024715991838418E-002
   4.9619999999999997       -3.8744841149062167E-002
   4.9680000000000000       -3.8466704036664162E-002
   4.9740000000000002       -3.8191444690502833E-002
   4.9800000000000004       -3.7919909946510455E-002
   4.9859999999999998       -3.7650016291248194E-002
   4.9920000000000000       -3.7380190175795885E-002
   4.9980000000000002       -3.7111798672340157E-002
   5.0040000000000004       -3.6845578544172884E-002
   5.0099999999999998       -3.6580670026690666E-002
   5.0160000000000000       -3.6317773069084305E-002
   5.0220000000000002       -3.6058987867019422E-002
   5.0280000000000005       -3.5802935142620985E-002
   5.0339999999999998       -3.5546485708056054E-002
   5.0400000000000000       -3.5290255936167365E-002
   5.0460000000000003       -3.5036113040920691E-002
   5.0520000000000005       -3.4784393439007424E-002
   5.0579999999999998       -3.4534795223223898E-002
   5.0640000000000001       -3.4286436192234787E-002
   5.0700000000000003       -3.4039449027885256E-002
   5.0760000000000005       -3.3795675550930146E-002
   5.0819999999999999       -3.3554963941619304E-002
   5.0880000000000001       -3.3315064943331058E-002
   5.0940000000000003       -3.3075703714247659E-002
   5.1000000000000005       -3.2837937045524748E-002
   5.1059999999999999       -3.2601845204464325E-002
   5.1120000000000001       -3.2367300693525967E-002
   5.1180000000000003       -3.2135246995167101E-002
   5.1239999999999997       -3.1906172584497683E-002
   5.1299999999999999       -3.1678553135183966E-002
   5.1360000000000001       -3.1451448001604029E-002
   5.1420000000000003       -3.1225541452345393E-002
   5.1479999999999997       -3.1001400853477759E-002
   5.1539999999999999       -3.0779227165078658E-002
   5.1600000000000001       -3.0558654620947440E-002
   5.1660000000000004       -3.0339127670970897E-002
   5.1719999999999997       -3.0121775987544362E-002
   5.1779999999999999       -2.9907888415612680E-002
   5.1840000000000002       -2.9695800925804330E-002
   5.1900000000000004       -2.9483851794664381E-002
   5.1959999999999997       -2.9272927036117252E-002
   5.2020000000000000       -2.9063805939204490E-002
   5.2080000000000002       -2.8856215918983665E-002
   5.2140000000000004       -2.8650496309209520E-002
   5.2199999999999998       -2.8447725891923133E-002
   5.2260000000000000       -2.8247093008623516E-002
   5.2320000000000002       -2.8046575795813010E-002
   5.2380000000000004       -2.7846588867511124E-002
   5.2439999999999998       -2.7648578680468945E-002
   5.2500000000000000       -2.7452761145645713E-002
   5.2560000000000002       -2.7258787872811191E-002
   5.2620000000000005       -2.7065796325706402E-002
   5.2679999999999998       -2.6873797743322693E-002
   5.2740000000000000       -2.6684638804248983E-002
   5.2800000000000002       -2.6498394837149192E-002
   5.2860000000000005       -2.6312782929030193E-002
   5.2919999999999998       -2.6127299417335426E-002
   5.2980000000000000       -2.5942986580743913E-002
   5.3040000000000003       -2.5760196944137791E-002
   5.3100000000000005       -2.5579008183224276E-002
   5.3159999999999998       -2.5400170031504167E-002
   5.3220000000000001       -2.5224058827802730E-002
   5.3280000000000003       -2.5049090810916962E-002
   5.3340000000000005       -2.4874269108139790E-002
   5.3399999999999999       -2.4700683080320373E-002
   5.3460000000000001       -2.4528877136279929E-002
   5.3520000000000003       -2.4358312152108697E-002
   5.3580000000000005       -2.4188806568164401E-002
   5.3639999999999999       -2.4020595714054963E-002
   5.3700000000000001       -2.3854250779662932E-002
   5.3760000000000003       -2.3690257838409348E-002
   5.3819999999999997       -2.3527582097374815E-002
   5.3879999999999999       -2.3365176070211123E-002
   5.3940000000000001       -2.3203892842207460E-002
   5.4000000000000004       -2.3044398680161254E-002
   5.4059999999999997       -2.2886000899196228E-002
   5.4119999999999999       -2.2728694631500426E-002
   5.4180000000000001       -2.2573631284892485E-002
   5.4240000000000004       -2.2420426980196789E-002
   5.4299999999999997       -2.2267386216159923E-002
   5.4359999999999999       -2.2114765068575060E-002
   5.4420000000000002       -2.1963838909402612E-002
   5.4480000000000004       -2.1814521181311757E-002
   5.4539999999999997       -2.1666300375490628E-002
   5.4600000000000000       -2.1519087310591288E-002
   5.4660000000000002       -2.1373048462039853E-002
   5.4720000000000004       -2.1228701000128511E-002
   5.4779999999999998       -2.1086010065258735E-002
   5.4840000000000000       -2.0944083932374787E-002
   5.4900000000000002       -2.0802815517834472E-002
   5.4960000000000004       -2.0662877300961176E-002
   5.5019999999999998       -2.0524076912902933E-002
   5.5080000000000000       -2.0385847948297221E-002
   5.5140000000000002       -2.0249000000000000E-002
   5.5200000000000005       -2.0114414463409246E-002
   5.5259999999999998       -1.9981001534249379E-002
   5.5320000000000000       -1.9847747688771216E-002
   5.5380000000000003       -1.9715100119877788E-002
   5.5440000000000005       -1.9583522626542987E-002
   5.5499999999999998       -1.9453127838883470E-002
   5.5560000000000000       -1.9323938370363863E-002
   5.5620000000000003       -1.9195922100243897E-002
   5.5680000000000005       -1.9069111650554672E-002
   5.5739999999999998       -1.8943558682285633E-002
   5.5800000000000001       -1.8819130697661147E-002
   5.5860000000000003       -1.8695594613726677E-002
   5.5920000000000005       -1.8572624341570407E-002
   5.5979999999999999       -1.8450132292155686E-002
   5.6040000000000001       -1.8328737069118892E-002
   5.6100000000000003       -1.8208681870558810E-002
   5.6160000000000005       -1.8089399666206117E-002
   5.6219999999999999       -1.7971004562602266E-002
   5.6280000000000001       -1.7854340989427672E-002
   5.6340000000000003       -1.7738963223040069E-002
   5.6399999999999997       -1.7623674312892808E-002
   5.6459999999999999       -1.7508722032778225E-002
   5.6520000000000001       -1.7394842338857460E-002
   5.6580000000000004       -1.7281848584506047E-002
   5.6639999999999997       -1.7169594845496346E-002
   5.6699999999999999       -1.7058804147325787E-002
   5.6760000000000002       -1.6949609818548820E-002
   5.6820000000000004       -1.6840856432679172E-002
   5.6879999999999997       -1.6732229431299338E-002
   5.6940000000000000       -1.6624523379955767E-002
   5.7000000000000002       -1.6517812490702853E-002
   5.7060000000000004       -1.6411628162048993E-002
   5.7119999999999997       -1.6306013353212086E-002
   5.7180000000000000       -1.6201270565871749E-002
   5.7240000000000002       -1.6097704961423279E-002
   5.7300000000000004       -1.5995366738762992E-002
   5.7359999999999998       -1.5893551643053991E-002
   5.7420000000000000       -1.5791930234429829E-002
   5.7480000000000002       -1.5691156551758314E-002
   5.7540000000000004       -1.5591399694369474E-002
   5.7599999999999998       -1.5492127831950602E-002
   5.7660000000000000       -1.5393480727937765E-002
   5.7720000000000002       -1.5296071410489980E-002
   5.7780000000000005       -1.5199620983208992E-002
   5.7839999999999998       -1.5103499848187251E-002
   5.7900000000000000       -1.5007608761486189E-002
   5.7960000000000003       -1.4911898950611222E-002
   5.8020000000000005       -1.4816945231528961E-002
   5.8079999999999998       -1.4723036652487276E-002
   5.8140000000000001       -1.4629707493355433E-002
   5.8200000000000003       -1.4536903312151949E-002
   5.8260000000000005       -1.4445188967595991E-002
   5.8319999999999999       -1.4354555393286993E-002
   5.8380000000000001       -1.4264482331557537E-002
   5.8440000000000003       -1.4174509494064031E-002
   5.8500000000000005       -1.4084357023595326E-002
   5.8559999999999999       -1.3994528277684246E-002
   5.8620000000000001       -1.3905694553389383E-002
   5.8680000000000003       -1.3818150950679271E-002
   5.8740000000000006       -1.3731691025920176E-002
   5.8799999999999999       -1.3645229264103434E-002
   5.8860000000000001       -1.3558408556755554E-002
   5.8920000000000003       -1.3472041714956428E-002
   5.8979999999999997       -1.3386510262803217E-002
   5.9039999999999999       -1.3301696656581869E-002
   5.9100000000000001       -1.3217255781230758E-002
   5.9160000000000004       -1.3132880783416769E-002
   5.9219999999999997       -1.3049234306153512E-002
   5.9279999999999999       -1.2966908717000444E-002
   5.9340000000000002       -1.2884941235936670E-002
   5.9400000000000004       -1.2802555972731866E-002
   5.9459999999999997       -1.2720233211021928E-002
   5.9520000000000000       -1.2638381083779359E-002
   5.9580000000000002       -1.2557040591288182E-002
   5.9640000000000004       -1.2476363518892062E-002
   5.9699999999999998       -1.2396575558151381E-002
   5.9760000000000000       -1.2317238578282437E-002
   5.9820000000000002       -1.2237641712158482E-002
   5.9880000000000004       -1.2158000000000002E-002
   5.9939999999999998       -1.2078770750211111E-002
