   0.0000000000000000       -2.5869723755892799     
   6.0000000000000001E-003  -2.6697077948977714     
   1.2000000000000000E-002  -2.7510308000886710     
   1.8000000000000002E-002  -2.8309507176723603     
   2.4000000000000000E-002  -2.9094937528950950     
   2.9999999999999999E-002  -2.9866970580000061     
   3.6000000000000004E-002  -3.0625969687034598     
   4.2000000000000003E-002  -3.1372256383042902     
   4.8000000000000001E-002  -3.2105995217987164     
   5.3999999999999999E-002  -3.2827307819174614     
   5.9999999999999998E-002  -3.3536307467238338     
   6.6000000000000003E-002  -3.4233211467886733     
   7.2000000000000008E-002  -3.4918389101897489     
   7.8000000000000000E-002  -3.5592169104710081     
   8.4000000000000005E-002  -3.6254865963317222     
   8.9999999999999997E-002  -3.6906806973274833     
   9.6000000000000002E-002  -3.7548272756259422     
  0.10200000000000001       -3.8179156058987935     
  0.10800000000000000       -3.8799388580338476     
  0.11400000000000000       -3.9409830967533122     
  0.12000000000000000       -4.0011088627155829     
  0.12600000000000000       -4.0602371252584160     
  0.13200000000000001       -4.1183365806484833     
  0.13800000000000001       -4.1754979806368695     
  0.14400000000000002       -4.2317651137388612     
  0.14999999999999999       -4.2871161143640197     
  0.15600000000000000       -4.3415405320875138     
  0.16200000000000001       -4.3950417201681926     
  0.16800000000000001       -4.4476452753106450     
  0.17400000000000002       -4.4993856860953478     
  0.17999999999999999       -4.5502906674001125     
  0.18600000000000000       -4.6003712560677723     
  0.19200000000000000       -4.6496106320565396     
  0.19800000000000001       -4.6980165448572428     
  0.20400000000000001       -4.7456498600923673     
  0.20999999999999999       -4.7925221668640017     
  0.21600000000000000       -4.8385849798076315     
  0.22200000000000000       -4.8838649825465499     
  0.22800000000000001       -4.9284394311113502     
  0.23400000000000001       -4.9722965074159333     
  0.23999999999999999       -5.0153949850733515     
  0.24600000000000000       -5.0577761758577786     
  0.25200000000000000       -5.0994893268165704     
  0.25800000000000001       -5.1405271082600290     
  0.26400000000000001       -5.1808893063298580     
  0.27000000000000002       -5.2206102872020725     
  0.27600000000000002       -5.2597088025495538     
  0.28200000000000003       -5.2981797810627995     
  0.28800000000000003       -5.3360322870630341     
  0.29399999999999998       -5.3732878840278708     
  0.29999999999999999       -5.4099637366041495     
  0.30599999999999999       -5.4460746351752007     
  0.31200000000000000       -5.4816362461255430     
  0.31800000000000000       -5.5166539124788549     
  0.32400000000000001       -5.5510981843926039     
  0.33000000000000002       -5.5849584461459614     
  0.33600000000000002       -5.6182773958021492     
  0.34200000000000003       -5.6510729031126239     
  0.34800000000000003       -5.6833230063528823     
  0.35399999999999998       -5.7150469686796832     
  0.35999999999999999       -5.7462923792368645     
  0.36599999999999999       -5.7770050656844703     
  0.37200000000000000       -5.8071023703657438     
  0.37800000000000000       -5.8366747269044623     
  0.38400000000000001       -5.8658252251321130     
  0.39000000000000001       -5.8944815193983757     
  0.39600000000000002       -5.9225788462909001     
  0.40200000000000002       -5.9501522083257079     
  0.40800000000000003       -5.9772354507694345     
  0.41400000000000003       -6.0038444195495870     
  0.41999999999999998       -6.0299810081082512     
  0.42599999999999999       -6.0556347222991960     
  0.43200000000000000       -6.0807937482582197     
  0.43800000000000000       -6.1054516372717291     
  0.44400000000000001       -6.1296394830939676     
  0.45000000000000001       -6.1533915731355844     
  0.45600000000000002       -6.1767008858407078     
  0.46200000000000002       -6.1995612122123553     
  0.46800000000000003       -6.2219903619989694     
  0.47400000000000003       -6.2439744547691767     
  0.47999999999999998       -6.2654510531806782     
  0.48599999999999999       -6.2864521870995862     
  0.49199999999999999       -6.3070949875165550     
  0.49800000000000000       -6.3273649793324154     
  0.50400000000000000       -6.3471754217155993     
  0.51000000000000001       -6.3665361549713051     
  0.51600000000000001       -6.3854912473246817     
  0.52200000000000002       -6.4040399674911637     
  0.52800000000000002       -6.4221713018550304     
  0.53400000000000003       -6.4398787211137325     
  0.54000000000000004       -6.4571619801782294     
  0.54600000000000004       -6.4740295025785830     
  0.55200000000000005       -6.4904984301340001     
  0.55800000000000005       -6.5065910437738719     
  0.56400000000000006       -6.5222906980036743     
  0.57000000000000006       -6.5375628861953476     
  0.57600000000000007       -6.5524329555102199     
  0.58199999999999996       -6.5669342298883944     
  0.58799999999999997       -6.5810217061207812     
  0.59399999999999997       -6.5946685233048132     
  0.59999999999999998       -6.6079521961030956     
  0.60599999999999998       -6.6209068097617152     
  0.61199999999999999       -6.6334647233943791     
  0.61799999999999999       -6.6455864969551577     
  0.62400000000000000       -6.6572743199717834     
  0.63000000000000000       -6.6685707693967959     
  0.63600000000000001       -6.6795338824135317     
  0.64200000000000002       -6.6901169870965642     
  0.64800000000000002       -6.7002531625183117     
  0.65400000000000003       -6.7100050681705561     
  0.66000000000000003       -6.7194313428159553     
  0.66600000000000004       -6.7284739802668589     
  0.67200000000000004       -6.7370825913092531     
  0.67800000000000005       -6.7452581830412770     
  0.68400000000000005       -6.7530296487199593     
  0.69000000000000006       -6.7604483118845664     
  0.69600000000000006       -6.7675163887899696     
  0.70200000000000007       -6.7741994053047385     
  0.70799999999999996       -6.7804762046799834     
  0.71399999999999997       -6.7863367768022860     
  0.71999999999999997       -6.7917925050206271     
  0.72599999999999998       -6.7968632143147536     
  0.73199999999999998       -6.8015771455036917     
  0.73799999999999999       -6.8059406916280736     
  0.74399999999999999       -6.8099257092995638     
  0.75000000000000000       -6.8135152760132431     
  0.75600000000000001       -6.8167123345988081     
  0.76200000000000001       -6.8195359925721029     
  0.76800000000000002       -6.8220124816938377     
  0.77400000000000002       -6.8241257759989349     
  0.78000000000000003       -6.8258457748788661     
  0.78600000000000003       -6.8271837105793978     
  0.79200000000000004       -6.8281666721470913     
  0.79800000000000004       -6.8288283126924867     
  0.80400000000000005       -6.8291717904955735     
  0.81000000000000005       -6.8291372531891277     
  0.81600000000000006       -6.8287051101385821     
  0.82200000000000006       -6.8279168787602025     
  0.82800000000000007       -6.8267794874762613     
  0.83399999999999996       -6.8252748662351106     
  0.83999999999999997       -6.8234286488256899     
  0.84599999999999997       -6.8212745238361556     
  0.85199999999999998       -6.8187649106571762     
  0.85799999999999998       -6.8158516213493465     
  0.86399999999999999       -6.8125812429057175     
  0.87000000000000000       -6.8089986977633519     
  0.87600000000000000       -6.8051005078803808     
  0.88200000000000001       -6.8008709630246083     
  0.88800000000000001       -6.7962872651304140     
  0.89400000000000002       -6.7913433056819912     
  0.90000000000000002       -6.7860472487675416     
  0.90600000000000003       -6.7803918949563240     
  0.91200000000000003       -6.7743697526658222     
  0.91800000000000004       -6.7680272732806985     
  0.92400000000000004       -6.7614049208971121     
  0.93000000000000005       -6.7544494195463152     
  0.93600000000000005       -6.7471205507751906     
  0.94200000000000006       -6.7394563082465169     
  0.94800000000000006       -6.7314760978387529     
  0.95400000000000007       -6.7231614989485688     
  0.95999999999999996       -6.7145246302931714     
  0.96599999999999997       -6.7056052040895384     
  0.97199999999999998       -6.6963894725388560     
  0.97799999999999998       -6.6868365325857679     
  0.98399999999999999       -6.6769497705820458     
  0.98999999999999999       -6.6667429235890427     
  0.99600000000000000       -6.6562011254163638     
   1.0020000000000000       -6.6453210709504678     
   1.0080000000000000       -6.6341443713073458     
   1.0140000000000000       -6.6227085600639581     
   1.0200000000000000       -6.6110316324687162     
   1.0260000000000000       -6.5990714669307557     
   1.0320000000000000       -6.5867371117541085     
   1.0380000000000000       -6.5740544681768593     
   1.0440000000000000       -6.5611174346473566     
   1.0500000000000000       -6.5479223652709164     
   1.0560000000000000       -6.5344270347113085     
   1.0620000000000001       -6.5206050846748242     
   1.0680000000000001       -6.5064739228377304     
   1.0740000000000001       -6.4921508443082869     
   1.0800000000000001       -6.4776560881383940     
   1.0860000000000001       -6.4628313865212546     
   1.0920000000000001       -6.4476399715816060     
   1.0980000000000001       -6.4321874482404668     
   1.1040000000000001       -6.4164787269818184     
   1.1100000000000001       -6.4004631469371533     
   1.1160000000000001       -6.3842422450477949     
   1.1220000000000001       -6.3679243005797268     
   1.1280000000000001       -6.3513445660545322     
   1.1340000000000001       -6.3343582521813140     
   1.1400000000000001       -6.3170867462845219     
   1.1460000000000001       -6.2996158767822843     
   1.1520000000000001       -6.2818841723127576     
   1.1579999999999999       -6.2638707238752502     
   1.1639999999999999       -6.2456212176718857     
   1.1699999999999999       -6.2272043212860417     
   1.1759999999999999       -6.2086825802389729     
   1.1819999999999999       -6.1899595493792354     
   1.1879999999999999       -6.1709012124426028     
   1.1940000000000000       -6.1515554212215475     
   1.2000000000000000       -6.1319940993455582     
   1.2060000000000000       -6.1121951647164368     
   1.2120000000000000       -6.0921824312550790     
   1.2180000000000000       -6.0720922486568734     
   1.2240000000000000       -6.0518990507295101     
   1.2300000000000000       -6.0313835478379811     
   1.2360000000000000       -6.0105410871097043     
   1.2420000000000000       -5.9895320724200456     
   1.2480000000000000       -5.9683720664543873     
   1.2540000000000000       -5.9470035656122882     
   1.2600000000000000       -5.9253885845362753     
   1.2660000000000000       -5.9035420535064569     
   1.2720000000000000       -5.8816229627360128     
   1.2780000000000000       -5.8596760703929753     
   1.2840000000000000       -5.8374736875801503     
   1.2900000000000000       -5.8149345642458954     
   1.2960000000000000       -5.7922027187358367     
   1.3020000000000000       -5.7693288259871292     
   1.3080000000000001       -5.7462814592916160     
   1.3140000000000001       -5.7231184881842427     
   1.3200000000000001       -5.6999104682076984     
   1.3260000000000001       -5.6765232528370193     
   1.3320000000000001       -5.6528221088398078     
   1.3380000000000001       -5.6289079924687542     
   1.3440000000000001       -5.6048796246070989     
   1.3500000000000001       -5.5807229318489675     
   1.3560000000000001       -5.5564055154871568     
   1.3620000000000001       -5.5318949651356784     
   1.3680000000000001       -5.5072720435407083     
   1.3740000000000001       -5.4826882779500998     
   1.3800000000000001       -5.4580126745818180     
   1.3860000000000001       -5.4330072456667926     
   1.3920000000000001       -5.4077565186407339     
   1.3980000000000001       -5.3824222107210060     
   1.4040000000000001       -5.3570097701849981     
   1.4099999999999999       -5.3314734370069763     
   1.4159999999999999       -5.3057354678787352     
   1.4219999999999999       -5.2798546438121505     
   1.4279999999999999       -5.2540730917483973     
   1.4339999999999999       -5.2283137378589721     
   1.4399999999999999       -5.2022294077820952     
   1.4460000000000000       -5.1758618177962852     
   1.4520000000000000       -5.1494531710108777     
   1.4580000000000000       -5.1229568095771825     
   1.4640000000000000       -5.0962849659553786     
   1.4700000000000000       -5.0696238617209382     
   1.4760000000000000       -5.0430695979209439     
   1.4820000000000000       -5.0163634111251660     
   1.4880000000000000       -4.9893678320324089     
   1.4940000000000000       -4.9622083112422626     
   1.5000000000000000       -4.9349821053507359     
   1.5060000000000000       -4.9077268273780215     
   1.5120000000000000       -4.8803767345572746     
   1.5180000000000000       -4.8528415040284241     
   1.5240000000000000       -4.8253000000000004     
   1.5300000000000000       -4.7979291549914240     
   1.5360000000000000       -4.7704582041347638     
   1.5420000000000000       -4.7426694854894933     
   1.5480000000000000       -4.7147673019152716     
   1.5540000000000000       -4.6868638019433817     
   1.5600000000000001       -4.6588220146718742     
   1.5660000000000001       -4.6307046895863468     
   1.5720000000000001       -4.6027750941618244     
   1.5780000000000001       -4.5749028758991432     
   1.5840000000000001       -4.5467405926425366     
   1.5900000000000001       -4.5183475675557432     
   1.5960000000000001       -4.4899277833309155     
   1.6020000000000001       -4.4615104676624862     
   1.6080000000000001       -4.4330642179943718     
   1.6140000000000001       -4.4045249110295419     
   1.6200000000000001       -4.3759186499054579     
   1.6260000000000001       -4.3474293656937331     
   1.6320000000000001       -4.3190252109883795     
   1.6380000000000001       -4.2904386829125150     
   1.6440000000000001       -4.2616483756216237     
   1.6500000000000001       -4.2328075242142695     
   1.6560000000000001       -4.2039443314804013     
   1.6620000000000001       -4.1750525428122192     
   1.6679999999999999       -4.1462489763816430     
   1.6739999999999999       -4.1175806684711453     
   1.6799999999999999       -4.0887969110423477     
   1.6859999999999999       -4.0597743524440055     
   1.6919999999999999       -4.0307189314203642     
   1.6980000000000000       -4.0017126036528596     
   1.7040000000000000       -3.9726519688250432     
   1.7100000000000000       -3.9435082324398283     
   1.7160000000000000       -3.9143276984476305     
   1.7220000000000000       -3.8852327326591252     
   1.7280000000000000       -3.8563197335444634     
   1.7340000000000000       -3.8273800194452332     
   1.7400000000000000       -3.7982224611044915     
   1.7460000000000000       -3.7689996779105055     
   1.7520000000000000       -3.7398271272214751     
   1.7580000000000000       -3.7106220112896118     
   1.7640000000000000       -3.6814186806127296     
   1.7700000000000000       -3.6524077486601656     
   1.7760000000000000       -3.6235191686273627     
   1.7820000000000000       -3.5944945656501464     
   1.7880000000000000       -3.5653208840813284     
   1.7940000000000000       -3.5361142752256232     
   1.8000000000000000       -3.5069594200509697     
   1.8060000000000000       -3.4778895960533425     
   1.8120000000000001       -3.4488067096778501     
   1.8180000000000001       -3.4196954754604683     
   1.8240000000000001       -3.3907578827322715     
   1.8300000000000001       -3.3619818961877543     
   1.8360000000000001       -3.3330581827481516     
   1.8420000000000001       -3.3039503928636469     
   1.8480000000000001       -3.2748594706763301     
   1.8540000000000001       -3.2457940884148599     
   1.8600000000000001       -3.2166839091061439     
   1.8660000000000001       -3.1876533409767553     
   1.8720000000000001       -3.1588014802495747     
   1.8780000000000001       -3.1299027198812444     
   1.8840000000000001       -3.1007918762915532     
   1.8900000000000001       -3.0715935934869085     
   1.8960000000000001       -3.0424098117580192     
   1.9020000000000001       -3.0132520569807761     
   1.9080000000000001       -2.9840724923517770     
   1.9140000000000001       -2.9547967684464136     
   1.9199999999999999       -2.9255765508811136     
   1.9259999999999999       -2.8966240920837336     
   1.9319999999999999       -2.8677164903167984     
   1.9379999999999999       -2.8385945543408218     
   1.9440000000000000       -2.8094767439815564     
   1.9500000000000000       -2.7805552111664840     
   1.9560000000000000       -2.7516974525945646     
   1.9620000000000000       -2.7229085902710226     
   1.9680000000000000       -2.6944519092676318     
   1.9740000000000000       -2.6662852600511950     
   1.9800000000000000       -2.6380847787929218     
   1.9860000000000000       -2.6098819380232703     
   1.9920000000000000       -2.5819127930085131     
   1.9980000000000000       -2.5541999999999998     
   2.0040000000000000       -2.5266873782379511     
   2.0100000000000002       -2.4993574912762542     
   2.0160000000000000       -2.4722556749721081     
   2.0220000000000002       -2.4455541654058939     
   2.0280000000000000       -2.4192439370427321     
   2.0340000000000003       -2.3930159779568578     
   2.0400000000000000       -2.3668180420712717     
   2.0460000000000003       -2.3408738269708707     
   2.0520000000000000       -2.3151914806013849     
   2.0579999999999998       -2.2896604517886665     
   2.0640000000000001       -2.2644169080491365     
   2.0699999999999998       -2.2396132222480105     
   2.0760000000000001       -2.2150217807549155     
   2.0819999999999999       -2.1904382855067515     
   2.0880000000000001       -2.1659902513241898     
   2.0939999999999999       -2.1417960382536387     
   2.1000000000000001       -2.1178632587054631     
   2.1059999999999999       -2.0941531749196125     
   2.1120000000000001       -2.0706007958434287     
   2.1179999999999999       -2.0473080226214719     
   2.1240000000000001       -2.0244470387862323     
   2.1299999999999999       -2.0018306596171391     
   2.1360000000000001       -1.9791968517055856     
   2.1419999999999999       -1.9566889315389195     
   2.1480000000000001       -1.9344783185798993     
   2.1539999999999999       -1.9124827697900679     
   2.1600000000000001       -1.8906366803457195     
   2.1659999999999999       -1.8689840935704947     
   2.1720000000000002       -1.8476025952398241     
   2.1779999999999999       -1.8265826657920257     
   2.1840000000000002       -1.8058290806397677     
   2.1899999999999999       -1.7851393121197496     
   2.1960000000000002       -1.7645633828086909     
   2.2020000000000000       -1.7442358321114011     
   2.2080000000000002       -1.7240899830390435     
   2.2140000000000000       -1.7040788550377792     
   2.2200000000000002       -1.6843955963238013     
   2.2260000000000000       -1.6650943433125778     
   2.2320000000000002       -1.6458951630614540     
   2.2380000000000000       -1.6267251572924102     
   2.2440000000000002       -1.6078012897606324     
   2.2500000000000000       -1.5891417592411046     
   2.2560000000000002       -1.5706085767961282     
   2.2620000000000000       -1.5522222882633980     
   2.2680000000000002       -1.5340781796021541     
   2.2740000000000000       -1.5162240018413378     
   2.2800000000000002       -1.4986541428648250     
   2.2860000000000000       -1.4812447327733325     
   2.2920000000000003       -1.4639220272748346     
   2.2980000000000000       -1.4467594337763399     
   2.3040000000000003       -1.4297959381821794     
   2.3100000000000001       -1.4130081650375730     
   2.3159999999999998       -1.3964566950825197     
   2.3220000000000001       -1.3802505394276796     
   2.3279999999999998       -1.3642627296855916     
   2.3340000000000001       -1.3482887050155419     
   2.3399999999999999       -1.3324112702138033     
   2.3460000000000001       -1.3167749073417998     
   2.3519999999999999       -1.3013851962323675     
   2.3580000000000001       -1.2861990632832219     
   2.3639999999999999       -1.2711360527377060     
   2.3700000000000001       -1.2562195961884424     
   2.3759999999999999       -1.2416099776052620     
   2.3820000000000001       -1.2272767484479594     
   2.3879999999999999       -1.2130317063820937     
   2.3940000000000001       -1.1988748105645537     
   2.3999999999999999       -1.1849064478205991     
   2.4060000000000001       -1.1711444515275526     
   2.4119999999999999       -1.1575843864751811     
   2.4180000000000001       -1.1442537766519520     
   2.4239999999999999       -1.1311461575960005     
   2.4300000000000002       -1.1181646544065380     
   2.4359999999999999       -1.1052749365827534     
   2.4420000000000002       -1.0925513109212561     
   2.4480000000000000       -1.0800268765758649     
   2.4540000000000002       -1.0676865403615781     
   2.4600000000000000       -1.0555127944229779     
   2.4660000000000002       -1.0434986861097779     
   2.4720000000000000       -1.0317057403245862     
   2.4780000000000002       -1.0201802287048800     
   2.4840000000000000       -1.0088093307767703     
   2.4900000000000002      -0.99750838770749073     
   2.4960000000000000      -0.98635386810047765     
   2.5020000000000002      -0.97539134884147471     
   2.5080000000000000      -0.96458328973823781     
   2.5140000000000002      -0.95394522676279148     
   2.5200000000000000      -0.94354331182240336     
   2.5260000000000002      -0.93333113916565646     
   2.5320000000000000      -0.92320563369950426     
   2.5380000000000003      -0.91318569743442324     
   2.5440000000000000      -0.90332910607283845     
   2.5500000000000003      -0.89363581718531304     
   2.5560000000000000      -0.88408930149663123     
   2.5619999999999998      -0.87467000792489991     
   2.5680000000000001      -0.86538974296234217     
   2.5739999999999998      -0.85630870382273128     
   2.5800000000000001      -0.84740859931799206     
   2.5859999999999999      -0.83859167228161413     
   2.5920000000000001      -0.82985287308551592     
   2.5979999999999999      -0.82124717890927967     
   2.6040000000000001      -0.81277068465541069     
   2.6099999999999999      -0.80440612972802783     
   2.6160000000000001      -0.79619641264111607     
   2.6219999999999999      -0.78816304885430599     
   2.6280000000000001      -0.78022534230449014     
   2.6339999999999999      -0.77233860709956137     
   2.6400000000000001      -0.76455135016700038     
   2.6459999999999999      -0.75688782140720567     
   2.6520000000000001      -0.74933367929935613     
   2.6579999999999999      -0.74187476408490105     
   2.6640000000000001      -0.73450333924313027     
   2.6699999999999999      -0.72724881691640386     
   2.6760000000000002      -0.72013978560056902     
   2.6819999999999999      -0.71311969102684492     
   2.6880000000000002      -0.70613682960761837     
   2.6940000000000000      -0.69922752966422541     
   2.7000000000000002      -0.69241631210041676     
   2.7060000000000000      -0.68567661302135008     
   2.7120000000000002      -0.67901320492488559     
   2.7180000000000000      -0.67247027155590255     
   2.7240000000000002      -0.66602496693357260     
   2.7300000000000000      -0.65960945992549691     
   2.7360000000000002      -0.65322879751366691     
   2.7420000000000000      -0.64691938896865897     
   2.7480000000000002      -0.64068283520575797     
   2.7540000000000000      -0.63450844415540397     
   2.7600000000000002      -0.62838228645208649     
   2.7660000000000000      -0.62230992575996147     
   2.7720000000000002      -0.61633441660353117     
   2.7780000000000000      -0.61044978134817396     
   2.7840000000000003      -0.60458746466689850     
   2.7900000000000000      -0.59874051159043584     
   2.7960000000000003      -0.59295275377333678     
   2.8020000000000000      -0.58722942146190260     
   2.8080000000000003      -0.58155574136279686     
   2.8140000000000001      -0.57592600041380493     
   2.8199999999999998      -0.57034556928281199     
   2.8260000000000001      -0.56484568432843973     
   2.8319999999999999      -0.55943135788306875     
   2.8380000000000001      -0.55404463386122982     
   2.8439999999999999      -0.54866620809850897     
   2.8500000000000001      -0.54333768721922904     
   2.8559999999999999      -0.53806661551130686     
   2.8620000000000001      -0.53283095080396503     
   2.8679999999999999      -0.52764911784113155     
   2.8740000000000001      -0.52255138636192744     
   2.8799999999999999      -0.51750183115410597     
   2.8860000000000001      -0.51245817514368053     
   2.8919999999999999      -0.50743997544781838     
   2.8980000000000001      -0.50247085426201243     
   2.9039999999999999      -0.49755218441671029     
   2.9100000000000001      -0.49267590690007418     
   2.9159999999999999      -0.48782631902743034     
   2.9220000000000002      -0.48301804139228099     
   2.9279999999999999      -0.47828798384447740     
   2.9340000000000002      -0.47361085934288616     
   2.9399999999999999      -0.46893457380548020     
   2.9460000000000002      -0.46427263047860512     
   2.9520000000000000      -0.45965436628245215     
   2.9580000000000002      -0.45507180397314950     
   2.9640000000000000      -0.45052042001397674     
   2.9700000000000002      -0.44602400670226955     
   2.9760000000000000      -0.44158266430966253     
   2.9820000000000002      -0.43715674002021476     
   2.9880000000000000      -0.43273736774182625     
   2.9940000000000002      -0.42834806980960272     
   3.0000000000000000      -0.42399312015818402     
   3.0060000000000002      -0.41966437500502174     
   3.0120000000000000      -0.41536000000000001     
   3.0180000000000002      -0.41108491406316922     
   3.0240000000000000      -0.40686049490145343     
   3.0300000000000002      -0.40269369292843199     
   3.0360000000000000      -0.39854617656867586     
   3.0420000000000003      -0.39440118882582431     
   3.0480000000000000      -0.39028710897178293     
   3.0540000000000003      -0.38621111528350133     
   3.0600000000000001      -0.38215660576383786     
   3.0660000000000003      -0.37813942324167227     
   3.0720000000000001      -0.37418968721542883     
   3.0779999999999998      -0.37028022731135440     
   3.0840000000000001      -0.36637213498494448     
   3.0899999999999999      -0.36248395010074586     
   3.0960000000000001      -0.35863900481781741     
   3.1019999999999999      -0.35483069881132140     
   3.1080000000000001      -0.35105234811163738     
   3.1139999999999999      -0.34730593955699213     
   3.1200000000000001      -0.34360286405857110     
   3.1259999999999999      -0.33996130937603097     
   3.1320000000000001      -0.33636645560290462     
   3.1379999999999999      -0.33278530795464561     
   3.1440000000000001      -0.32922681282179711     
   3.1499999999999999      -0.32571317140324596     
   3.1560000000000001      -0.32223556924988800     
   3.1619999999999999      -0.31878783538563721     
   3.1680000000000001      -0.31539662825704051     
   3.1739999999999999      -0.31206983822296896     
   3.1800000000000002      -0.30877265677453225     
   3.1859999999999999      -0.30549277967413629     
   3.1920000000000002      -0.30224915269523073     
   3.1980000000000000      -0.29905013890040821     
   3.2040000000000002      -0.29589417136266455     
   3.2100000000000000      -0.29277661800302968     
   3.2160000000000002      -0.28969575104119699     
   3.2220000000000000      -0.28667072964983886     
   3.2280000000000002      -0.28371278952488260     
   3.2340000000000000      -0.28079087429011318     
   3.2400000000000002      -0.27788696085728182     
   3.2460000000000000      -0.27502315182478110     
   3.2520000000000002      -0.27220973778752605     
   3.2580000000000000      -0.26943749893756752     
   3.2640000000000002      -0.26671194753649125     
   3.2700000000000000      -0.26404800071926815     
   3.2760000000000002      -0.26143040060860379     
   3.2820000000000000      -0.25883459082647453     
   3.2880000000000003      -0.25627047513386519     
   3.2940000000000000      -0.25375287737150698     
   3.3000000000000003      -0.25127469570915273     
   3.3060000000000000      -0.24882955229086484     
   3.3120000000000003      -0.24642172014980857     
   3.3180000000000001      -0.24405821380757875     
   3.3240000000000003      -0.24174681633089062     
   3.3300000000000001      -0.23947823980740196     
   3.3359999999999999      -0.23723117657839629     
   3.3420000000000001      -0.23500726854196125     
   3.3479999999999999      -0.23281871840863255     
   3.3540000000000001      -0.23066286098823652     
   3.3599999999999999      -0.22853652487948853     
   3.3660000000000001      -0.22645300746003519     
   3.3719999999999999      -0.22441625100514220     
   3.3780000000000001      -0.22240301981873531     
   3.3839999999999999      -0.22040391267942949     
   3.3900000000000001      -0.21843352748079706     
   3.3959999999999999      -0.21649594432711353     
   3.4020000000000001      -0.21458457151838839     
   3.4079999999999999      -0.21269921267685496     
   3.4140000000000001      -0.21084346429210010     
   3.4199999999999999      -0.20901974598729672     
   3.4260000000000002      -0.20722740399059028     
   3.4319999999999999      -0.20545636715427157     
   3.4380000000000002      -0.20370023498818746     
   3.4440000000000000      -0.20196604314690458     
   3.4500000000000002      -0.20025760578999618     
   3.4560000000000000      -0.19857118561485312     
   3.4620000000000002      -0.19690407543851310     
   3.4680000000000000      -0.19525567474029104     
   3.4740000000000002      -0.19363110069069664     
   3.4800000000000000      -0.19203624991682489     
   3.4860000000000002      -0.19045999999999999     
   3.4920000000000000      -0.18888951665389742     
   3.4980000000000002      -0.18733175292970627     
   3.5040000000000000      -0.18579449885831090     
   3.5100000000000002      -0.18427546771803191     
   3.5160000000000000      -0.18277356788649624     
   3.5220000000000002      -0.18129173664548437     
   3.5280000000000000      -0.17982869623655939     
   3.5340000000000003      -0.17837899956230802     
   3.5400000000000000      -0.17694190211350591     
   3.5460000000000003      -0.17551972433549151     
   3.5520000000000000      -0.17411330574862113     
   3.5580000000000003      -0.17272227151421427     
   3.5640000000000001      -0.17134393321779945     
   3.5700000000000003      -0.16997906315852190     
   3.5760000000000001      -0.16863907375828505     
   3.5820000000000003      -0.16732555060370621     
   3.5880000000000001      -0.16602182439709046     
   3.5939999999999999      -0.16472308026749977     
   3.6000000000000001      -0.16343854713810674     
   3.6059999999999999      -0.16217146567627383     
   3.6120000000000001      -0.16092084238009760     
   3.6179999999999999      -0.15969058598392602     
   3.6240000000000001      -0.15848391910653409     
   3.6299999999999999      -0.15729113204930409     
   3.6360000000000001      -0.15610401666379187     
   3.6419999999999999      -0.15492864924677829     
   3.6480000000000001      -0.15377020389628440     
   3.6539999999999999      -0.15262780107706889     
   3.6600000000000001      -0.15149939762770509     
   3.6659999999999999      -0.15038293376366627     
   3.6720000000000002      -0.14928446254978248     
   3.6779999999999999      -0.14821350337551251     
   3.6840000000000002      -0.14716007452569038     
   3.6899999999999999      -0.14610920079872636     
   3.6960000000000002      -0.14506642152963098     
   3.7020000000000000      -0.14404076427467635     
   3.7080000000000002      -0.14303295212812528     
   3.7140000000000000      -0.14204282309582228     
   3.7200000000000002      -0.14107132927365465     
   3.7260000000000000      -0.14011548960930803     
   3.7320000000000002      -0.13916809212166703     
   3.7380000000000000      -0.13823135374700052     
   3.7440000000000002      -0.13731405429891494     
   3.7500000000000000      -0.13641440401966226     
   3.7560000000000002      -0.13552598208305983     
   3.7620000000000000      -0.13464712531207257     
   3.7680000000000002      -0.13377941353923217     
   3.7740000000000000      -0.13292964096909360     
   3.7800000000000002      -0.13210051020633290     
   3.7860000000000000      -0.13128485918231286     
   3.7920000000000003      -0.13047753434708967     
   3.7980000000000000      -0.12967768931985441     
   3.8040000000000003      -0.12888811058715760     
   3.8100000000000001      -0.12811385332284991     
   3.8160000000000003      -0.12735511501697511     
   3.8220000000000001      -0.12660932817952159     
   3.8280000000000003      -0.12587338631152004     
   3.8340000000000001      -0.12514492959031057     
   3.8399999999999999      -0.12442472795001204     
   3.8460000000000001      -0.12371377833161358     
   3.8519999999999999      -0.12301211902196224     
   3.8580000000000001      -0.12231923079997176     
   3.8639999999999999      -0.12163416865816454     
   3.8700000000000001      -0.12095891131009050     
   3.8759999999999999      -0.12029731839882231     
   3.8820000000000001      -0.11964636348204510     
   3.8879999999999999      -0.11900010827619595     
   3.8940000000000001      -0.11835872504231898     
   3.8999999999999999      -0.11772389558337239     
   3.9060000000000001      -0.11709446549041193     
   3.9119999999999999      -0.11647049239093150     
   3.9180000000000001      -0.11585606805360563     
   3.9239999999999999      -0.11525106047300859     
   3.9300000000000002      -0.11464887026172274     
   3.9359999999999999      -0.11404875504210037     
   3.9420000000000002      -0.11345549640500974     
   3.9480000000000000      -0.11286794552996390     
   3.9540000000000002      -0.11228213983588582     
   3.9600000000000000      -0.11170036242469920     
   3.9660000000000002      -0.11112578900066125     
   3.9720000000000000      -0.11055560781707977     
   3.9780000000000002      -0.10998725476814185     
   3.9840000000000000      -0.10942205170146642     
   3.9900000000000002      -0.10886027609997513     
   3.9960000000000000      -0.10829972965938782     
   4.0019999999999998      -0.10773796079189027     
   4.0080000000000000      -0.10717320303427919     
   4.0140000000000002      -0.10661225764790569     
   4.0200000000000005      -0.10606443967383990     
   4.0259999999999998      -0.10551917278264808     
   4.0320000000000000      -0.10496331659167901     
   4.0380000000000003      -0.10440720580441468     
   4.0440000000000005      -0.10386089595606326     
   4.0499999999999998      -0.10331786737964696     
   4.0560000000000000      -0.10277256734521631     
   4.0620000000000003      -0.10222538003443438     
   4.0680000000000005      -0.10167961526417878     
   4.0739999999999998      -0.10114047869625448     
   4.0800000000000001      -0.10060663049353365     
   4.0860000000000003      -0.10007300173302128     
   4.0920000000000005       -9.9538802917139707E-002
   4.0979999999999999       -9.9005032536992582E-002
   4.1040000000000001       -9.8471969855142866E-002
   4.1100000000000003       -9.7940494272837464E-002
   4.1159999999999997       -9.7413579670714387E-002
   4.1219999999999999       -9.6891270750662450E-002
   4.1280000000000001       -9.6368206862268851E-002
   4.1340000000000003       -9.5843058142637064E-002
   4.1399999999999997       -9.5319499612923006E-002
   4.1459999999999999       -9.4798608873099641E-002
   4.1520000000000001       -9.4279362564936714E-002
   4.1580000000000004       -9.3760914688138741E-002
   4.1639999999999997       -9.3243211596339748E-002
   4.1699999999999999       -9.2729381950239206E-002
   4.1760000000000002       -9.2221098235532220E-002
   4.1820000000000004       -9.1713300536582582E-002
   4.1879999999999997       -9.1203053469164158E-002
   4.1940000000000000       -9.0693495393894680E-002
   4.2000000000000002       -9.0186346271987572E-002
   4.2060000000000004       -8.9680875624812223E-002
   4.2119999999999997       -8.9176554825498855E-002
   4.2180000000000000       -8.8673231271228878E-002
   4.2240000000000002       -8.8173140287179763E-002
   4.2300000000000004       -8.7678407814514567E-002
   4.2359999999999998       -8.7184752005693436E-002
   4.2420000000000000       -8.6688270962879385E-002
   4.2480000000000002       -8.6192304672400494E-002
   4.2540000000000004       -8.5699204161147804E-002
   4.2599999999999998       -8.5206746273506065E-002
   4.2660000000000000       -8.4715375634165618E-002
   4.2720000000000002       -8.4229176118773785E-002
   4.2780000000000005       -8.3746762832647717E-002
   4.2839999999999998       -8.3262774714070467E-002
   4.2900000000000000       -8.2777473656961031E-002
   4.2960000000000003       -8.2293741647455482E-002
   4.3020000000000005       -8.1811928555415192E-002
   4.3079999999999998       -8.1331552894798237E-002
   4.3140000000000001       -8.0852242112093492E-002
   4.3200000000000003       -8.0374643911022184E-002
   4.3260000000000005       -7.9901332743915046E-002
   4.3319999999999999       -7.9431601971708107E-002
   4.3380000000000001       -7.8960439933693519E-002
   4.3440000000000003       -7.8487658205659436E-002
   4.3500000000000005       -7.8017139109867184E-002
   4.3559999999999999       -7.7548646575652691E-002
   4.3620000000000001       -7.7080332134673066E-002
   4.3680000000000003       -7.6614859499225474E-002
   4.3739999999999997       -7.6154521627900582E-002
   4.3799999999999999       -7.5694840528222479E-002
   4.3860000000000001       -7.5232666813656354E-002
   4.3920000000000003       -7.4771011384179867E-002
   4.3979999999999997       -7.4311750748077166E-002
   4.4039999999999999       -7.3853975954632792E-002
   4.4100000000000001       -7.3396988398978694E-002
   4.4160000000000004       -7.2940691424009080E-002
   4.4219999999999997       -7.2487100083071465E-002
   4.4279999999999999       -7.2038513270790777E-002
   4.4340000000000002       -7.1591533629910872E-002
   4.4400000000000004       -7.1142233504075364E-002
   4.4459999999999997       -7.0692735368872883E-002
   4.4520000000000000       -7.0245240387855470E-002
   4.4580000000000002       -6.9798787118083808E-002
   4.4640000000000004       -6.9353734138978732E-002
   4.4699999999999998       -6.8912873622391832E-002
   4.4760000000000000       -6.8475100487491405E-002
   4.4820000000000002       -6.8035814223171329E-002
   4.4880000000000004       -6.7595293602619455E-002
   4.4939999999999998       -6.7156625962280031E-002
   4.5000000000000000       -6.6720000000000002E-002
   4.5060000000000002       -6.6284489723287279E-002
   4.5120000000000005       -6.5849513776116864E-002
   4.5179999999999998       -6.5415432665140036E-002
   4.5240000000000000       -6.4985197545700965E-002
   4.5300000000000002       -6.4559053435537764E-002
   4.5360000000000005       -6.4132561981602970E-002
   4.5419999999999998       -6.3704614995012385E-002
   4.5480000000000000       -6.3277838666073311E-002
   4.5540000000000003       -6.2852805820708499E-002
   4.5600000000000005       -6.2428930088268178E-002
   4.5659999999999998       -6.2007975317073950E-002
   4.5720000000000001       -6.1591583199718899E-002
   4.5780000000000003       -6.1176591545494333E-002
   4.5840000000000005       -6.0760268725780262E-002
   4.5899999999999999       -6.0344459770796124E-002
   4.5960000000000001       -5.9930777459678161E-002
   4.6020000000000003       -5.9519136849012944E-002
   4.6080000000000005       -5.9109086534326949E-002
   4.6139999999999999       -5.8700104646265377E-002
   4.6200000000000001       -5.8293708687890550E-002
   4.6260000000000003       -5.7892199668197225E-002
   4.6319999999999997       -5.7492986328017186E-002
   4.6379999999999999       -5.7092455473068869E-002
   4.6440000000000001       -5.6692474779434100E-002
   4.6500000000000004       -5.6295349699186974E-002
   4.6559999999999997       -5.5900138550721082E-002
   4.6619999999999999       -5.5506739639895976E-002
   4.6680000000000001       -5.5117465497770690E-002
   4.6740000000000004       -5.4731961829945650E-002
   4.6799999999999997       -5.4346765823970217E-002
   4.6859999999999999       -5.3961614286577642E-002
   4.6920000000000002       -5.3578633264042157E-002
   4.6980000000000004       -5.3198273883817038E-002
   4.7039999999999997       -5.2820084937535997E-002
   4.7100000000000000       -5.2443374250798522E-002
   4.7160000000000002       -5.2068314164547977E-002
   4.7220000000000004       -5.1697829680450572E-002
   4.7279999999999998       -5.1332521465824080E-002
   4.7340000000000000       -5.0967842026230462E-002
   4.7400000000000002       -5.0602551110265272E-002
   4.7460000000000004       -5.0240022600580331E-002
   4.7519999999999998       -4.9880625798480231E-002
   4.7580000000000000       -4.9522488869292960E-002
   4.7640000000000002       -4.9167346409601388E-002
   4.7700000000000005       -4.8817766671987561E-002
   4.7759999999999998       -4.8470863740419090E-002
   4.7820000000000000       -4.8123513040457401E-002
   4.7880000000000003       -4.7777540727283345E-002
   4.7940000000000005       -4.7434601324774950E-002
   4.7999999999999998       -4.7093959368728816E-002
   4.8060000000000000       -4.6755164834026544E-002
   4.8120000000000003       -4.6418554971112275E-002
   4.8180000000000005       -4.6085161941093536E-002
   4.8239999999999998       -4.5756230521427854E-002
   4.8300000000000001       -4.5430031821524601E-002
   4.8360000000000003       -4.5103879699770880E-002
   4.8420000000000005       -4.4778808390963334E-002
   4.8479999999999999       -4.4456581157992781E-002
   4.8540000000000001       -4.4136923113431453E-002
   4.8600000000000003       -4.3819191631957459E-002
   4.8659999999999997       -4.3502918094881188E-002
   4.8719999999999999       -4.3188906554277887E-002
   4.8780000000000001       -4.2879477336541481E-002
   4.8840000000000003       -4.2573642492043491E-002
   4.8899999999999997       -4.2267813134125379E-002
   4.8959999999999999       -4.1962507450935799E-002
   4.9020000000000001       -4.1660175224587578E-002
   4.9080000000000004       -4.1360007906097444E-002
   4.9139999999999997       -4.1060927798257846E-002
   4.9199999999999999       -4.0765293118088727E-002
   4.9260000000000002       -4.0474248345916362E-002
   4.9320000000000004       -4.0184526936563436E-002
   4.9379999999999997       -3.9894618238073942E-002
   4.9440000000000000       -3.9606445663176934E-002
   4.9500000000000002       -3.9320917164851782E-002
   4.9560000000000004       -3.9037682382441000E-002
   4.9619999999999997       -3.8756132663132374E-002
   4.9680000000000000       -3.8475848350090956E-002
   4.9740000000000002       -3.8198412185364204E-002
   4.9800000000000004       -3.7925186926648077E-002
   4.9859999999999998       -3.7653745555641126E-002
   4.9920000000000000       -3.7382228212096885E-002
   4.9980000000000002       -3.7112352221792225E-002
   5.0040000000000004       -3.6845041246574034E-002
   5.0099999999999998       -3.6579217267134798E-002
   5.0160000000000000       -3.6315241835709312E-002
   5.0220000000000002       -3.6054862266183041E-002
   5.0280000000000005       -3.5797164120097785E-002
   5.0339999999999998       -3.5539852032493838E-002
   5.0400000000000000       -3.5283262007008757E-002
   5.0460000000000003       -3.5028641375535803E-002
   5.0520000000000005       -3.4776294847039049E-002
   5.0579999999999998       -3.4526080844748883E-002
   5.0640000000000001       -3.4277366626276132E-002
   5.0700000000000003       -3.4030375067302582E-002
   5.0760000000000005       -3.3786753905769511E-002
   5.0819999999999999       -3.3546061497969362E-002
   5.0880000000000001       -3.3305733132200997E-002
   5.0940000000000003       -3.3065779421653042E-002
   5.1000000000000005       -3.2827858308538842E-002
   5.1059999999999999       -3.2591845190406275E-002
   5.1120000000000001       -3.2357218454703691E-002
   5.1180000000000003       -3.2125298011380539E-002
   5.1239999999999997       -3.1896821866474218E-002
   5.1299999999999999       -3.1669602155608462E-002
   5.1360000000000001       -3.1442431293450784E-002
   5.1420000000000003       -3.1216684942914567E-002
   5.1479999999999997       -3.0993144921979628E-002
   5.1539999999999999       -3.0771593960312572E-002
   5.1600000000000001       -3.0551543174606132E-002
   5.1660000000000004       -3.0332546188940650E-002
   5.1719999999999997       -3.0115748217370921E-002
   5.1779999999999999       -2.9902410528672707E-002
   5.1840000000000002       -2.9690852555993297E-002
   5.1900000000000004       -2.9479424145751713E-002
   5.1959999999999997       -2.9269099702894992E-002
   5.2020000000000000       -2.9060592637371194E-002
   5.2080000000000002       -2.8853267349865781E-002
   5.2140000000000004       -2.8647491304274519E-002
   5.2199999999999998       -2.8444858384953222E-002
   5.2260000000000000       -2.8244849445913229E-002
   5.2320000000000002       -2.8045468580303844E-002
   5.2380000000000004       -2.7846533632134615E-002
   5.2439999999999998       -2.7648778655054163E-002
   5.2500000000000000       -2.7452740478056112E-002
   5.2560000000000002       -2.7258638877713758E-002
   5.2620000000000005       -2.7065911067696534E-002
   5.2679999999999998       -2.6874522371068167E-002
   5.2740000000000000       -2.6685723508480898E-002
   5.2800000000000002       -2.6499395719174076E-002
   5.2860000000000005       -2.6313956367971281E-002
   5.2919999999999998       -2.6129105144552613E-002
   5.2980000000000000       -2.5945485691271246E-002
   5.3040000000000003       -2.5763169644829421E-002
   5.3100000000000005       -2.5582087347304543E-002
   5.3159999999999998       -2.5403164117239991E-002
   5.3220000000000001       -2.5227012019521048E-002
   5.3280000000000003       -2.5052117919122735E-002
   5.3340000000000005       -2.4877382046453733E-002
   5.3399999999999999       -2.4703504048711487E-002
   5.3460000000000001       -2.4531078587001761E-002
   5.3520000000000003       -2.4360230814480289E-002
   5.3580000000000005       -2.4190800179434497E-002
   5.3639999999999999       -2.4022518009824460E-002
   5.3700000000000001       -2.3856208100886841E-002
   5.3760000000000003       -2.3692829037118699E-002
   5.3819999999999997       -2.3530580635558088E-002
   5.3879999999999999       -2.3367667045755526E-002
   5.3940000000000001       -2.3205840328231510E-002
   5.4000000000000004       -2.3046400957839368E-002
   5.4059999999999997       -2.2887880207218145E-002
   5.4119999999999999       -2.2729967951190966E-002
   5.4180000000000001       -2.2574436371377866E-002
   5.4240000000000004       -2.2421284830668149E-002
   5.4299999999999997       -2.2268857174102680E-002
   5.4359999999999999       -2.2116759989097654E-002
   5.4420000000000002       -2.1965443352893910E-002
   5.4480000000000004       -2.1815516205069382E-002
   5.4539999999999997       -2.1667325299430114E-002
   5.4600000000000000       -2.1520006968069296E-002
   5.4660000000000002       -2.1373269691506686E-002
   5.4720000000000004       -2.1228802790245180E-002
   5.4779999999999998       -2.1086811211558223E-002
   5.4840000000000000       -2.0944971099732698E-002
   5.4900000000000002       -2.0803008931303074E-002
   5.4960000000000004       -2.0662739893247368E-002
   5.5019999999999998       -2.0524057766445270E-002
   5.5080000000000000       -2.0385854287094059E-002
   5.5140000000000002       -2.0249000000000000E-002
   5.5200000000000005       -2.0114536553656505E-002
   5.5259999999999998       -1.9980929527414221E-002
   5.5320000000000000       -1.9847002849301954E-002
   5.5380000000000003       -1.9714146275917114E-002
   5.5440000000000005       -1.9583175560454517E-002
   5.5499999999999998       -1.9453329644676172E-002
   5.5560000000000000       -1.9324101539471103E-002
   5.5620000000000003       -1.9195459582317543E-002
   5.5680000000000005       -1.9068112469402043E-002
   5.5739999999999998       -1.8942985681350732E-002
   5.5800000000000001       -1.8819127279396511E-002
   5.5860000000000003       -1.8695181566901992E-002
   5.5920000000000005       -1.8571570480903278E-002
   5.5979999999999999       -1.8449022846465657E-002
   5.6040000000000001       -1.8327764925797595E-002
   5.6100000000000003       -1.8207706240499024E-002
   5.6160000000000005       -1.8088386436566975E-002
   5.6219999999999999       -1.7969994380095645E-002
   5.6280000000000001       -1.7853363678398473E-002
   5.6340000000000003       -1.7737979981408761E-002
   5.6399999999999997       -1.7622583954657038E-002
   5.6459999999999999       -1.7507705618495874E-002
   5.6520000000000001       -1.7394361545958120E-002
   5.6580000000000004       -1.7281885670843447E-002
   5.6639999999999997       -1.7169688347981601E-002
   5.6699999999999999       -1.7058773623670018E-002
   5.6760000000000002       -1.6949555952228135E-002
   5.6820000000000004       -1.6840927213362979E-002
   5.6879999999999997       -1.6732347796970599E-002
   5.6940000000000000       -1.6624151706482185E-002
   5.7000000000000002       -1.6516845710884017E-002
   5.7060000000000004       -1.6410922158982769E-002
   5.7119999999999997       -1.6305981607387447E-002
   5.7180000000000000       -1.6201409862725630E-002
   5.7240000000000002       -1.6097689353040304E-002
   5.7300000000000004       -1.5995296642860646E-002
   5.7359999999999998       -1.5893562944651399E-002
   5.7420000000000000       -1.5791941614773788E-002
   5.7480000000000002       -1.5691152822292758E-002
   5.7540000000000004       -1.5591398425400957E-002
   5.7599999999999998       -1.5492126551929003E-002
   5.7660000000000000       -1.5393478560759746E-002
   5.7720000000000002       -1.5296083193535516E-002
   5.7780000000000005       -1.5199625333732683E-002
   5.7839999999999998       -1.5103438996477061E-002
   5.7900000000000000       -1.5007632067002608E-002
   5.7960000000000003       -1.4912488641825868E-002
   5.8020000000000005       -1.4818012168477205E-002
   5.8079999999999998       -1.4724117903270115E-002
   5.8140000000000001       -1.4630667349854784E-002
   5.8200000000000003       -1.4537857926361331E-002
   5.8260000000000005       -1.4446280437365028E-002
   5.8319999999999999       -1.4355650065669101E-002
   5.8380000000000001       -1.4265030070177771E-002
   5.8440000000000003       -1.4174520343334343E-002
   5.8500000000000005       -1.4084707705023441E-002
   5.8559999999999999       -1.3995553937573874E-002
   5.8620000000000001       -1.3906914085615132E-002
   5.8680000000000003       -1.3819042380602949E-002
   5.8740000000000006       -1.3731981824153420E-002
   5.8799999999999999       -1.3645151615037298E-002
   5.8860000000000001       -1.3558359546567492E-002
   5.8920000000000003       -1.3472066447957030E-002
   5.8979999999999997       -1.3386518347056517E-002
   5.9039999999999999       -1.3301689714350275E-002
   5.9100000000000001       -1.3217254896846439E-002
   5.9160000000000004       -1.3132882568122003E-002
   5.9219999999999997       -1.3049234254301927E-002
   5.9279999999999999       -1.2966908284614546E-002
   5.9340000000000002       -1.2884941301436706E-002
   5.9400000000000004       -1.2802556067520289E-002
   5.9459999999999997       -1.2720233183069468E-002
   5.9520000000000000       -1.2638381064966602E-002
   5.9580000000000002       -1.2557040600308773E-002
   5.9640000000000004       -1.2476363522022114E-002
   5.9699999999999998       -1.2396575555760745E-002
   5.9760000000000000       -1.2317238577992815E-002
   5.9820000000000002       -1.2237641711909199E-002
   5.9880000000000004       -1.2158000000000000E-002
   5.9939999999999998       -1.2078770753854546E-002
