   0.0000000000000000        5794.8204500000002     
   6.0000000000000001E-003   5591.1533022310496     
   1.2000000000000000E-002   5393.4176029534119     
   1.8000000000000002E-002   5201.5149207657696     
   2.4000000000000000E-002   5015.3468107591088     
   2.9999999999999999E-002   4834.8148168896523     
   3.6000000000000004E-002   4659.8205152743922     
   4.2000000000000003E-002   4490.2654605963435     
   4.8000000000000001E-002   4326.0511985919884     
   5.3999999999999999E-002   4167.0792936252246     
   5.9999999999999998E-002   4013.2513113854257     
   6.6000000000000003E-002   3864.4687971055619     
   7.2000000000000008E-002   3720.6333176495391     
   7.8000000000000000E-002   3581.6464313715169     
   8.4000000000000005E-002   3447.4096962258632     
   8.9999999999999997E-002   3317.8246705566994     
   9.6000000000000002E-002   3192.7929321335314     
  0.10200000000000001        3072.2160246961248     
  0.10800000000000000        2955.9955045572869     
  0.11400000000000000        2844.0329492640158     
  0.12000000000000000        2736.2299131037835     
  0.12600000000000000        2632.4879486658560     
  0.13200000000000001        2532.7086293526399     
  0.13800000000000001        2436.7935091736358     
  0.14400000000000002        2344.6441510521327     
  0.14999999999999999        2256.1621189831285     
  0.15600000000000000        2171.2489665032354     
  0.16200000000000001        2089.8062567476140     
  0.16800000000000001        2011.7355534117085     
  0.17400000000000002        1936.9384205050494     
  0.17999999999999999        1865.3164119262526     
  0.18600000000000000        1796.7710901306439     
  0.19200000000000000        1731.2040305689825     
  0.19800000000000001        1668.5167759888504     
  0.20400000000000001        1608.6108898940277     
  0.20999999999999999        1551.3879365959904     
  0.21600000000000000        1496.7494794823519     
  0.22200000000000000        1444.5970838689254     
  0.22800000000000001        1394.8322928531941     
  0.23400000000000001        1347.3566890507939     
  0.23999999999999999        1302.0718287570121     
  0.24600000000000000        1258.8792633435887     
  0.25200000000000000        1217.6805646974967     
  0.25800000000000001        1178.3772867246369     
  0.26400000000000001        1140.8709798841812     
  0.27000000000000002        1105.0632163573232     
  0.27600000000000002        1070.8555486555620     
  0.28200000000000003        1038.1495402792341     
  0.28800000000000003        1006.8467437446549     
  0.29399999999999998        976.84875779841605     
  0.29999999999999999        948.05700000000002     
  0.30599999999999999        920.38165948668427     
  0.31200000000000000        893.76581943083988     
  0.31800000000000000        868.16131610820071     
  0.32400000000000001        843.51982146208945     
  0.33000000000000002        819.79305168443182     
  0.33600000000000002        796.93271685305967     
  0.34200000000000003        774.89050198184168     
  0.34800000000000003        753.61819922307870     
  0.35399999999999998        733.06837985746233     
  0.35999999999999999        713.20632296080498     
  0.36599999999999999        694.00483228152518     
  0.37200000000000000        675.43706943643372     
  0.37800000000000000        657.47611229881636     
  0.38400000000000001        640.09506742793621     
  0.39000000000000001        623.26701774115554     
  0.39600000000000002        606.96511081349411     
  0.40200000000000002        591.16237376702861     
  0.40800000000000003        575.83627824026041     
  0.41400000000000003        560.97022802817150     
  0.41999999999999998        546.54844650194570     
  0.42599999999999999        532.55504513936842     
  0.43200000000000000        518.97416591382455     
  0.43800000000000000        505.78994279066779     
  0.44400000000000001        492.98651878513084     
  0.45000000000000001        480.54800000000000     
  0.45600000000000002        468.45941410644770     
  0.46200000000000002        456.70901036026777     
  0.46800000000000003        445.28595387732793     
  0.47400000000000003        434.17937687508021     
  0.47999999999999998        423.37841825871368     
  0.48599999999999999        412.87221823048765     
  0.49199999999999999        402.64990925552223     
  0.49800000000000000        392.70065162318082     
  0.50400000000000000        383.01377073034348     
  0.51000000000000001        373.58142810573020     
  0.51600000000000001        364.39744775790552     
  0.52200000000000002        355.45573773717246     
  0.52800000000000002        346.75018597532147     
  0.53400000000000003        338.27468783249896     
  0.54000000000000004        330.02313575655938     
  0.54600000000000004        321.98942192696370     
  0.55200000000000005        314.16744089057170     
  0.55800000000000005        306.55108384385426     
  0.56400000000000006        299.13424545902257     
  0.57000000000000006        291.91081406971546     
  0.57600000000000007        284.87468435229988     
  0.58199999999999996        278.01974690750507     
  0.58799999999999997        271.33989363186038     
  0.59399999999999997        264.82902163065103     
  0.59999999999999998        258.48099999999999     
  0.60599999999999998        252.29021914031364     
  0.61199999999999999        246.25277779432412     
  0.61799999999999999        240.36529654581912     
  0.62400000000000000        234.62436664146435     
  0.63000000000000000        229.02658727929844     
  0.63600000000000001        223.56855506304888     
  0.64200000000000002        218.24686796114995     
  0.64800000000000002        213.05812232407578     
  0.65400000000000003        207.99891669426580     
  0.66000000000000003        203.06584685764557     
  0.66600000000000004        198.25551193246349     
  0.67200000000000004        193.56450832542816     
  0.67800000000000005        188.98943281695477     
  0.68400000000000005        184.52688456283607     
  0.69000000000000006        180.17345964142956     
  0.69600000000000006        175.92576043773599     
  0.70200000000000007        171.78037320273006     
  0.70799999999999996        167.73424424722032     
  0.71399999999999997        163.78476225501510     
  0.71999999999999997        159.92938926933732     
  0.72599999999999998        156.16557696659345     
  0.73199999999999998        152.49077942331988     
  0.73799999999999999        148.90244782161832     
  0.74399999999999999        145.39803848175842     
  0.75000000000000000        141.97499999999999     
  0.75600000000000001        138.63084016480414     
  0.76200000000000001        135.36324716974397     
  0.76800000000000002        132.16996796296453     
  0.77400000000000002        129.04874312063518     
  0.78000000000000003        125.99731489061192     
  0.78600000000000003        123.01342820455827     
  0.79200000000000004        120.09482300753770     
  0.79800000000000004        117.23924449705454     
  0.80400000000000005        114.44444847704290     
  0.81000000000000005        111.70836771069320     
  0.81600000000000006        109.02904593521374     
  0.82200000000000006        106.40452909085646     
  0.82800000000000007        103.83286272325634     
  0.83399999999999996        101.31209328561455     
  0.83999999999999997        98.840265004252132     
  0.84599999999999997        96.415430266810901     
  0.85199999999999998        94.035622382735227     
  0.85799999999999998        91.699211310637551     
  0.86399999999999999        89.404969230838418     
  0.87000000000000000        87.151741922999420     
  0.87600000000000000        84.938361158003659     
  0.88200000000000001        82.763662758642980     
  0.88800000000000001        80.626480170719489     
  0.89400000000000002        78.525652726614553     
  0.90000000000000002        76.459999999999994     
  0.90600000000000003        74.428535772896439     
  0.91200000000000003        72.430811838894755     
  0.91800000000000004        70.466574003553376     
  0.92400000000000004        68.535548431497091     
  0.93000000000000005        66.637467023937873     
  0.93600000000000005        64.772060524663743     
  0.94200000000000006        62.939059137786145     
  0.94800000000000006        61.138193787127406     
  0.95400000000000007        59.369207335018338     
  0.95999999999999996        57.631987891710345     
  0.96599999999999997        55.926515871389022     
  0.97199999999999998        54.252773619154311     
  0.97799999999999998        52.610743737677097     
  0.98399999999999999        51.000408303601326     
  0.98999999999999999        49.421750154479561     
  0.99600000000000000        47.874749985749816     
   1.0020000000000000        46.359394424742511     
   1.0080000000000000        44.875584654849142     
   1.0140000000000000        43.423126147758737     
   1.0200000000000000        42.001810295411047     
   1.0260000000000000        40.611424363222774     
   1.0320000000000000        39.251760613398780     
   1.0380000000000000        37.922608213416218     
   1.0440000000000000        36.623755906471033     
   1.0500000000000000        35.354999999999997     
   1.0560000000000000        34.116105602735921     
   1.0620000000000001        32.906781054996117     
   1.0680000000000001        31.726707658437725     
   1.0740000000000001        30.575569845372456     
   1.0800000000000001        29.453055478042302     
   1.0860000000000001        28.358846214574577     
   1.0920000000000001        27.292628298113023     
   1.0980000000000001        26.254085832144213     
   1.1040000000000001        25.242893866845694     
   1.1100000000000001        24.258639345091488     
   1.1160000000000001        23.300841699284383     
   1.1220000000000001        22.369024507927996     
   1.1280000000000001        21.462708341965083     
   1.1340000000000001        20.581415851190265     
   1.1400000000000001        19.724668152591065     
   1.1460000000000001        18.891986527901086     
   1.1520000000000001        18.082894655284058     
   1.1579999999999999        17.296929319597936     
   1.1639999999999999        16.533651982664178     
   1.1699999999999999        15.792626225755026     
   1.1759999999999999        15.073414866874375     
   1.1819999999999999        14.375583732579422     
   1.1879999999999999        13.698694680175084     
   1.1940000000000000        13.042312001598013     
   1.2000000000000000        12.406000000000001     
   1.2060000000000000        11.789311960994571     
   1.2120000000000000        11.191776985707135     
   1.2180000000000000        10.612910176037888     
   1.2240000000000000        10.052230018887222     
   1.2300000000000000        9.5092537147919671     
   1.2360000000000000        8.9834982623144626     
   1.2420000000000000        8.4744829244038833     
   1.2480000000000000        7.9817237611110015     
   1.2540000000000000        7.5047430169583524     
   1.2600000000000000        7.0431006696497942     
   1.2660000000000000        6.5963835666537269     
   1.2720000000000000        6.1641802268839001     
   1.2780000000000000        5.7460770189512491     
   1.2840000000000000        5.3416617196990863     
   1.2900000000000000        4.9505214810649179     
   1.2960000000000000        4.5722436306733449     
   1.3020000000000000        4.2064157715550081     
   1.3080000000000001        3.8526520251995553     
   1.3140000000000001        3.5106025862451160     
   1.3200000000000001        3.1799232369543926     
   1.3260000000000001        2.8602683067912693     
   1.3320000000000001        2.5512939572230242     
   1.3380000000000001        2.2526543335074556     
   1.3440000000000001        1.9640053586347217     
   1.3500000000000001        1.6849999999999998     
   1.3560000000000001        1.4153109839209108     
   1.3620000000000001        1.1546606058057982     
   1.3680000000000001       0.90278991561858080     
   1.3740000000000001       0.65943804517219018     
   1.3800000000000001       0.42434461714457949     
   1.3860000000000001       0.19724916725522812     
   1.3920000000000001       -2.2108554540987146E-002
   1.3980000000000001      -0.23398973753221064     
   1.4040000000000001      -0.43865077761335058     
   1.4099999999999999      -0.63632208087574460     
   1.4159999999999999      -0.82721321818569793     
   1.4219999999999999       -1.0115343647247059     
   1.4279999999999999       -1.1894957699346782     
   1.4339999999999999       -1.3613068370096073     
   1.4399999999999999       -1.5271780083145474     
   1.4460000000000000       -1.6873186010757300     
   1.4520000000000000       -1.8419394666039248     
   1.4580000000000000       -1.9912158568437397     
   1.4640000000000000       -2.1352766637741709     
   1.4700000000000000       -2.2742444421886847     
   1.4760000000000000       -2.4082425058085679     
   1.4820000000000000       -2.5373938714614290     
   1.4880000000000000       -2.6618219723893395     
   1.4940000000000000       -2.7816495059736619     
   1.5000000000000000       -2.8969999999999998     
   1.5060000000000000       -3.0079951591606284     
   1.5120000000000000       -3.1147529232176225     
   1.5180000000000000       -3.2173898706639994     
   1.5240000000000000       -3.3160222920122964     
   1.5300000000000000       -3.4107668985063624     
   1.5360000000000000       -3.5017402452080209     
   1.5420000000000000       -3.5890587039423054     
   1.5480000000000000       -3.6728393989103498     
   1.5540000000000000       -3.7531955529123029     
   1.5600000000000001       -3.8302185312207415     
   1.5660000000000001       -3.9039821002602597     
   1.5720000000000001       -3.9745606854087772     
   1.5780000000000001       -4.0420287156221582     
   1.5840000000000001       -4.1064603957319417     
   1.5900000000000001       -4.1679302245006902     
   1.5960000000000001       -4.2265125059866424     
   1.6020000000000001       -4.2822816902352008     
   1.6080000000000001       -4.3353054348604623     
   1.6140000000000001       -4.3856418465571751     
   1.6200000000000001       -4.4333480452819218     
   1.6260000000000001       -4.4784812137661980     
   1.6320000000000001       -4.5210984418135398     
   1.6380000000000001       -4.5612569106469198     
   1.6440000000000001       -4.5990137055588445     
   1.6500000000000001       -4.6344260050441646     
   1.6560000000000001       -4.6675508103077377     
   1.6620000000000001       -4.6984452969137989     
   1.6679999999999999       -4.7271665684921764     
   1.6739999999999999       -4.7537716854613006     
   1.6799999999999999       -4.7783177915918031     
   1.6859999999999999       -4.8008618899703492     
   1.6919999999999999       -4.8214610566668199     
   1.6980000000000000       -4.8401725397714550     
   1.7040000000000000       -4.8570524034858966     
   1.7100000000000000       -4.8721503030736191     
   1.7160000000000000       -4.8855105083075951     
   1.7220000000000000       -4.8971775889551328     
   1.7280000000000000       -4.9071960142869173     
   1.7340000000000000       -4.9156102363747252     
   1.7400000000000000       -4.9224647179789560     
   1.7460000000000000       -4.9278038918062883     
   1.7520000000000000       -4.9316722396621699     
   1.7580000000000000       -4.9341141760617679     
   1.7640000000000000       -4.9351741346077951     
   1.7700000000000000       -4.9348965432215133     
   1.7760000000000000       -4.9333258085534748     
   1.7820000000000000       -4.9305063565622067     
   1.7880000000000000       -4.9264826297248678     
   1.7940000000000000       -4.9212988932185837     
   1.8000000000000000       -4.9150000000000000     
   1.8060000000000000       -4.9076258756430686     
   1.8120000000000001       -4.8992041124080909     
   1.8180000000000001       -4.8897573203882736     
   1.8240000000000001       -4.8793087643556046     
   1.8300000000000001       -4.8678814450957324     
   1.8360000000000001       -4.8554984946849444     
   1.8420000000000001       -4.8421829885903200     
   1.8480000000000001       -4.8279579871766414     
   1.8540000000000001       -4.8128463006147228     
   1.8600000000000001       -4.7968705926540203     
   1.8660000000000001       -4.7800539927684733     
   1.8720000000000001       -4.7624195247530814     
   1.8780000000000001       -4.7439903794594098     
   1.8840000000000001       -4.7247901224973292     
   1.8900000000000001       -4.7048424724806406     
   1.8960000000000001       -4.6841711891264328     
   1.9020000000000001       -4.6627999349522007     
   1.9080000000000001       -4.6407519201316489     
   1.9140000000000001       -4.6180494271941246     
   1.9199999999999999       -4.5947146119860145     
   1.9259999999999999       -4.5707697030050713     
   1.9319999999999999       -4.5462368583252992     
   1.9379999999999999       -4.5211383248351762     
   1.9440000000000000       -4.4954962621597012     
   1.9500000000000000       -4.4693328416870770     
   1.9560000000000000       -4.4426702735116690     
   1.9620000000000000       -4.4155306696444079     
   1.9680000000000000       -4.3879362885204758     
   1.9740000000000000       -4.3599092665173336     
   1.9800000000000000       -4.3314717228426920     
   1.9860000000000000       -4.3026458995893808     
   1.9920000000000000       -4.2734538128404171     
   1.9980000000000000       -4.2439179205781290     
   2.0040000000000000       -4.2140591521303392     
   2.0100000000000002       -4.1838907875892986     
   2.0160000000000000       -4.1534197059206006     
   2.0220000000000002       -4.1226530198656430     
   2.0280000000000000       -4.0915978481379387     
   2.0340000000000003       -4.0602612510675584     
   2.0400000000000000       -4.0286502379358069     
   2.0460000000000003       -3.9967719256313847     
   2.0520000000000000       -3.9646332796609487     
   2.0579999999999998       -3.9322414531591203     
   2.0640000000000001       -3.8996034592173183     
   2.0699999999999998       -3.8667263178686584     
   2.0760000000000001       -3.8336171156002119     
   2.0819999999999999       -3.8002828221646228     
   2.0880000000000001       -3.7667305406871865     
   2.0939999999999999       -3.7329673582970742     
   2.1000000000000001       -3.6989999999999998     
   2.1059999999999999       -3.6648386001879283     
   2.1120000000000001       -3.6305022312262021     
   2.1179999999999999       -3.5960134581962038     
   2.1240000000000001       -3.5613943899289078     
   2.1299999999999999       -3.5266672196512054     
   2.1360000000000001       -3.4918541933697362     
   2.1419999999999999       -3.4569774319672062     
   2.1480000000000001       -3.4220592100291087     
   2.1539999999999999       -3.3871216035499376     
   2.1600000000000001       -3.3521869245809510     
   2.1659999999999999       -3.3172773198667400     
   2.1720000000000002       -3.2824149261797988     
   2.1779999999999999       -3.2476219874253536     
   2.1840000000000002       -3.2129205752648717     
   2.1899999999999999       -3.1783329652200938     
   2.1960000000000002       -3.1438813366904586     
   2.2020000000000000       -3.1095876831419562     
   2.2080000000000002       -3.0754713898186115     
   2.2140000000000000       -3.0415470837506158     
   2.2200000000000002       -3.0078292324734397     
   2.2260000000000000       -2.9743322179900620     
   2.2320000000000002       -2.9410703398471250     
   2.2380000000000000       -2.9080580504480418     
   2.2440000000000002       -2.8753096112785230     
   2.2500000000000000       -2.8428394745560110     
   2.2560000000000002       -2.8106620040352643     
   2.2620000000000000       -2.7787914956924644     
   2.2680000000000002       -2.7472423734171731     
   2.2740000000000000       -2.7160288815945801     
   2.2800000000000002       -2.6851654600148551     
   2.2860000000000000       -2.6546664881287030     
   2.2920000000000003       -2.6245461299628010     
   2.2980000000000000       -2.5948191323664447     
   2.3040000000000003       -2.5654977205645606     
   2.3100000000000001       -2.5365805987390644     
   2.3159999999999998       -2.5080551858718927     
   2.3220000000000001       -2.4799094172893117     
   2.3279999999999998       -2.4521310988157237     
   2.3340000000000001       -2.4247079224199042     
   2.3399999999999999       -2.3976277556564454     
   2.3460000000000001       -2.3708783806846077     
   2.3519999999999999       -2.3444475081012799     
   2.3580000000000001       -2.3183229740408278     
   2.3639999999999999       -2.2924924864073728     
   2.3700000000000001       -2.2669438628101872     
   2.3759999999999999       -2.2416648546999607     
   2.3820000000000001       -2.2166431958408719     
   2.3879999999999999       -2.1918667010131574     
   2.3940000000000001       -2.1673230709967806     
   2.3999999999999999       -2.1429999999999998     
   2.4060000000000001       -2.1188878166558940     
   2.4119999999999999       -2.0949860148818145     
   2.4180000000000001       -2.0712968466417783     
   2.4239999999999999       -2.0478222836445585     
   2.4300000000000002       -2.0245644933081173     
   2.4359999999999999       -2.0015254913632869     
   2.4420000000000002       -1.9787075471985840     
   2.4480000000000000       -1.9561129858362452     
   2.4540000000000002       -1.9337441239567337     
   2.4600000000000000       -1.9116033766814065     
   2.4660000000000002       -1.8896930042696414     
   2.4720000000000000       -1.8680154191056531     
   2.4780000000000002       -1.8465729620209894     
   2.4840000000000000       -1.8253679395437470     
   2.4900000000000002       -1.8044027516644099     
   2.4960000000000000       -1.7836796846992269     
   2.5020000000000002       -1.7632010333631511     
   2.5080000000000000       -1.7429661470699582     
   2.5140000000000002       -1.7229694078699240     
   2.5200000000000000       -1.7032050144343549     
   2.5260000000000002       -1.6836670019480886     
   2.5320000000000000       -1.6643495374633936     
   2.5380000000000003       -1.6452467248836939     
   2.5440000000000000       -1.6263526343081116     
   2.5500000000000003       -1.6076614148392632     
   2.5560000000000000       -1.5891671173615398     
   2.5619999999999998       -1.5708638973408657     
   2.5680000000000001       -1.5527458662163958     
   2.5739999999999998       -1.5348070652214130     
   2.5800000000000001       -1.5170416793739503     
   2.5859999999999999       -1.4994437385376742     
   2.5920000000000001       -1.4820073884425187     
   2.5979999999999999       -1.4647267044191041     
   2.6040000000000001       -1.4475962441435861     
   2.6099999999999999       -1.4306148195527455     
   2.6160000000000001       -1.4137841983858668     
   2.6219999999999999       -1.3971062080694088     
   2.6280000000000001       -1.3805826702657309     
   2.6339999999999999       -1.3642153295443120     
   2.6400000000000001       -1.3480060418851032     
   2.6459999999999999       -1.3319565575172181     
   2.6520000000000001       -1.3160687183222217     
   2.6579999999999999       -1.3003442652296306     
   2.6640000000000001       -1.2847850355406418     
   2.6699999999999999       -1.2693928514334327     
   2.6760000000000002       -1.2541694647614527     
   2.6819999999999999       -1.2391167008972392     
   2.6880000000000002       -1.2242363278697204     
   2.6940000000000000       -1.2095301475371369     
   2.7000000000000002       -1.1949999999999998     
   2.7060000000000000       -1.1806468724320049     
   2.7120000000000002       -1.1664689833801039     
   2.7180000000000000       -1.1524636746840073     
   2.7240000000000002       -1.1386283834462279     
   2.7300000000000000       -1.1249605424589944     
   2.7360000000000002       -1.1114575144211321     
   2.7420000000000000       -1.0981167477304583     
   2.7480000000000002       -1.0849356052075312     
   2.7540000000000000       -1.0719115057219541     
   2.7600000000000002       -1.0590418951267788     
   2.7660000000000000       -1.0463241248429060     
   2.7720000000000002       -1.0337556395939225     
   2.7780000000000000       -1.0213338069550015     
   2.7840000000000003       -1.0090560478283290     
   2.7900000000000000      -0.99691979362410221     
   2.7960000000000003      -0.98492239268250503     
   2.8020000000000000      -0.97306131105036109     
   2.8080000000000003      -0.96133469460434662     
   2.8140000000000001      -0.94974198958204770     
   2.8199999999999998      -0.93828270497523802     
   2.8260000000000001      -0.92695631976075366     
   2.8319999999999999      -0.91576238660622589     
   2.8380000000000001      -0.90470036737401838     
   2.8439999999999999      -0.89376979353489261     
   2.8500000000000001      -0.88297019166922830     
   2.8559999999999999      -0.87230103392387259     
   2.8620000000000001      -0.86176186592610904     
   2.8679999999999999      -0.85135214889180100     
   2.8740000000000001      -0.84107141519025397     
   2.8799999999999999      -0.83091918775274232     
   2.8860000000000001      -0.82089493154552695     
   2.8919999999999999      -0.81099818711203053     
   2.8980000000000001      -0.80122843242580266     
   2.9039999999999999      -0.79158512481444965     
   2.9100000000000001      -0.78206686201886477     
   2.9159999999999999      -0.77267174846631725     
   2.9220000000000002      -0.76339789595851792     
   2.9279999999999999      -0.75424335841677537     
   2.9340000000000002      -0.74520624924462797     
   2.9399999999999999      -0.73628462855621435     
   2.9460000000000002      -0.72747660303837858     
   2.9520000000000000      -0.71878026654120575     
   2.9580000000000002      -0.71019367524988075     
   2.9640000000000000      -0.70171494796124123     
   2.9700000000000002      -0.69334213650499210     
   2.9760000000000000      -0.68507333950124649     
   2.9820000000000002      -0.67690665356942481     
   2.9880000000000000      -0.66884013765472927     
   2.9940000000000002      -0.66087190274206198     
   3.0000000000000000      -0.65300000000000002     
   3.0060000000000002      -0.64522269204081439     
   3.0120000000000000      -0.63753891386342443     
   3.0180000000000002      -0.62994771118144088     
   3.0240000000000000      -0.62244819845970090     
   3.0300000000000002      -0.61503943337347455     
   3.0360000000000000      -0.60772050159483371     
   3.0420000000000003      -0.60049050020074335     
   3.0480000000000000      -0.59334848599317747     
   3.0540000000000003      -0.58629356265800847     
   3.0600000000000001      -0.57932478348443595     
   3.0660000000000003      -0.57244123825144322     
   3.0720000000000001      -0.56564202056304724     
   3.0779999999999998      -0.55892618286284945     
   3.0840000000000001      -0.55229282086788989     
   3.0899999999999999      -0.54574099409715460     
   3.0960000000000001      -0.53926979360713378     
   3.1019999999999999      -0.53287830003483139     
   3.1080000000000001      -0.52656558613700555     
   3.1139999999999999      -0.52033079640229096     
   3.1200000000000001      -0.51417302533271281     
   3.1259999999999999      -0.50809141350098375     
   3.1320000000000001      -0.50208506546354359     
   3.1379999999999999      -0.49615310983089933     
   3.1440000000000001      -0.49029467403363142     
   3.1499999999999999      -0.48450885566859375     
   3.1560000000000001      -0.47879479573706141     
   3.1619999999999999      -0.47315159273236868     
   3.1680000000000001      -0.46757836968286809     
   3.1739999999999999      -0.46207425435593785     
   3.1800000000000002      -0.45663835102188455     
   3.1859999999999999      -0.45126978813618568     
   3.1920000000000002      -0.44596766303973512     
   3.1980000000000000      -0.44073110263852755     
   3.2040000000000002      -0.43555924697853532     
   3.2100000000000000      -0.43045140770604717     
   3.2160000000000002      -0.42540705771396925     
   3.2220000000000000      -0.42042564597932119     
   3.2280000000000002      -0.41550663633975521     
   3.2340000000000000      -0.41064949074713225     
   3.2400000000000002      -0.40585365878203089     
   3.2460000000000000      -0.40111860984087266     
   3.2520000000000002      -0.39644378368577216     
   3.2580000000000000      -0.39182864754068913     
   3.2640000000000002      -0.38727266663269994     
   3.2700000000000000      -0.38277527982973453     
   3.2760000000000002      -0.37833595722032981     
   3.2820000000000000      -0.37395414238526281     
   3.2880000000000003      -0.36962929533266387     
   3.2940000000000000      -0.36536087556317265     
   3.3000000000000003      -0.36114832392018070     
   3.3060000000000000      -0.35699111119829080     
   3.3120000000000003      -0.35288867664630658     
   3.3180000000000001      -0.34884047360113696     
   3.3240000000000003      -0.34484596865799655     
   3.3300000000000001      -0.34090459730932449     
   3.3359999999999999      -0.33701582190510809     
   3.3420000000000001      -0.33317908427836823     
   3.3479999999999999      -0.32939384187513904     
   3.3540000000000001      -0.32565955074870473     
   3.3599999999999999      -0.32197564606667473     
   3.3660000000000001      -0.31834159405366624     
   3.3719999999999999      -0.31475682885747125     
   3.3780000000000001      -0.31122081031849336     
   3.3839999999999999      -0.30773297963568530     
   3.3900000000000001      -0.30429278695080642     
   3.3959999999999999      -0.30089968469158035     
   3.4020000000000001      -0.29755311131467760     
   3.4079999999999999      -0.29425252775251487     
   3.4140000000000001      -0.29099736664962506     
   3.4199999999999999      -0.28778707633245387     
   3.4260000000000002      -0.28462111491598358     
   3.4319999999999999      -0.28149891121214621     
   3.4380000000000002      -0.27841992051299536     
   3.4440000000000000      -0.27538358379946515     
   3.4500000000000002      -0.27238934544027682     
   3.4560000000000000      -0.26943665534770467     
   3.4620000000000002      -0.26652494704799412     
   3.4680000000000000      -0.26365367496865305     
   3.4740000000000002      -0.26082227045052453     
   3.4800000000000000      -0.25803017853463156     
   3.4860000000000002      -0.25527685049029925     
   3.4920000000000000      -0.25256171974532415     
   3.4980000000000002      -0.24988422954440126     
   3.5040000000000000      -0.24724382402758419     
   3.5100000000000002      -0.24463999783094961     
   3.5160000000000000      -0.24207227845961246     
   3.5220000000000002      -0.23954018711718733     
   3.5280000000000000      -0.23704325630098072     
   3.5340000000000003      -0.23458100438124393     
   3.5400000000000000      -0.23215295490595900     
   3.5460000000000003      -0.22975864086018433     
   3.5520000000000000      -0.22739757552704562     
   3.5580000000000003      -0.22506928979394467     
   3.5640000000000001      -0.22277330184049293     
   3.5700000000000003      -0.22050913731203686     
   3.5760000000000001      -0.21827631978188972     
   3.5820000000000003      -0.21607436655920573     
   3.5880000000000001      -0.21390280693629898     
   3.5939999999999999      -0.21176115224681488     
   3.6000000000000001      -0.20964892669615004     
   3.6059999999999999      -0.20756565898400631     
   3.6120000000000001      -0.20551085996580215     
   3.6179999999999999      -0.20348405319884000     
   3.6240000000000001      -0.20148475685920220     
   3.6299999999999999      -0.19951249350629735     
   3.6360000000000001      -0.19756677619029750     
   3.6419999999999999      -0.19564712406498103     
   3.6480000000000001      -0.19375306283403548     
   3.6539999999999999      -0.19188410410906298     
   3.6600000000000001      -0.19003976593261007     
   3.6659999999999999      -0.18821956582814819     
   3.6720000000000002      -0.18642301888433166     
   3.6779999999999999      -0.18464964417185345     
   3.6840000000000002      -0.18289895524006589     
   3.6899999999999999      -0.18117047357233074     
   3.6960000000000002      -0.17946370627713121     
   3.7020000000000000      -0.17777817172043026     
   3.7080000000000002      -0.17611338966956014     
   3.7140000000000000      -0.17446886453753532     
   3.7200000000000002      -0.17284412023704038     
   3.7260000000000000      -0.17123866422144901     
   3.7320000000000002      -0.16965200869500302     
   3.7380000000000000      -0.16808367227123946     
   3.7440000000000002      -0.16653316491872028     
   3.7500000000000000      -0.16500000000000004     
   3.7560000000000002      -0.16348375342811583     
   3.7620000000000000      -0.16198427152404793     
   3.7680000000000002      -0.16050146839567211     
   3.7740000000000000      -0.15903525146247616     
   3.7800000000000002      -0.15758553641687742     
   3.7860000000000000      -0.15615223013736190     
   3.7920000000000003      -0.15473524234380934     
   3.7980000000000000      -0.15333448838997862     
   3.8040000000000003      -0.15194987287276801     
   3.8100000000000001      -0.15058130751888993     
   3.8160000000000003      -0.14922869931169097     
   3.8220000000000001      -0.14789195848901771     
   3.8280000000000003      -0.14657099611165039     
   3.8340000000000001      -0.14526571475403061     
   3.8399999999999999      -0.14397602766366419     
   3.8460000000000001      -0.14270183773082395     
   3.8519999999999999      -0.14144305193211443     
   3.8580000000000001      -0.14019958164811880     
   3.8639999999999999      -0.13897133047352045     
   3.8700000000000001      -0.13775820507979181     
   3.8759999999999999      -0.13656011154957548     
   3.8820000000000001      -0.13537695592496407     
   3.8879999999999999      -0.13420863943269173     
   3.8940000000000001      -0.13305506946972323     
   3.8999999999999999      -0.13191615515998301     
   3.9060000000000001      -0.13079179460303494     
   3.9119999999999999      -0.12968189521009033     
   3.9180000000000001      -0.12858635951231620     
   3.9239999999999999      -0.12750508800518384     
   3.9300000000000002      -0.12643798830139885     
   3.9359999999999999      -0.12538496184812400     
   3.9420000000000002      -0.12434591113366832     
   3.9480000000000000      -0.12332073633275242     
   3.9540000000000002      -0.12230934048431093     
   3.9600000000000000      -0.12131162782145151     
   3.9660000000000002      -0.12032749370376561     
   3.9720000000000000      -0.11935684417355141     
   3.9780000000000002      -0.11839957798258714     
   3.9840000000000000      -0.11745549532261233     
   3.9900000000000002      -0.11652416613305233     
   3.9960000000000000      -0.11560548010402485     
   4.0019999999999998      -0.11469934744872320     
   4.0080000000000000      -0.11380566242268489     
   4.0140000000000002      -0.11292425192481176     
   4.0200000000000005      -0.11205495419527166     
   4.0259999999999998      -0.11119759337185722     
   4.0320000000000000      -0.11035200387402798     
   4.0380000000000003      -0.10951801435159778     
   4.0440000000000005      -0.10869545304408311     
   4.0499999999999998      -0.10788415371807580     
   4.0560000000000000      -0.10708394170552049     
   4.0620000000000003      -0.10629464845109318     
   4.0680000000000005      -0.10551610385266570     
   4.0739999999999998      -0.10474813563229741     
   4.0800000000000001      -0.10399057427215586     
   4.0860000000000003      -0.10324324670028494     
   4.0920000000000005      -0.10250598162631433     
   4.0979999999999999      -0.10177860705664911     
   4.1040000000000001      -0.10106095068330592     
   4.1100000000000003      -0.10035284347297760     
   4.1159999999999997       -9.9654109016200823E-002
   4.1219999999999999       -9.8964577411040033E-002
   4.1280000000000001       -9.8284025703030659E-002
   4.1340000000000003       -9.7611636236336202E-002
   4.1399999999999997       -9.6947076782744376E-002
   4.1459999999999999       -9.6290225250984934E-002
   4.1520000000000001       -9.5640961149525777E-002
   4.1580000000000004       -9.4999160080643311E-002
   4.1639999999999997       -9.4364702032932277E-002
   4.1699999999999999       -9.3737462427910492E-002
   4.1760000000000002       -9.3117318192032658E-002
   4.1820000000000004       -9.2504150352232431E-002
   4.1879999999999997       -9.1897833533230722E-002
   4.1940000000000000       -9.1298244679371671E-002
   4.2000000000000002       -9.0705261832121464E-002
   4.2060000000000004       -9.0118759691045811E-002
   4.2119999999999997       -8.9538617019259026E-002
   4.2180000000000000       -8.8964709492225222E-002
   4.2240000000000002       -8.8396914690376804E-002
   4.2300000000000004       -8.7835106877852925E-002
   4.2359999999999998       -8.7279162580840258E-002
   4.2420000000000000       -8.6728959766917857E-002
   4.2480000000000002       -8.6184371513702243E-002
   4.2540000000000004       -8.5645275461189496E-002
   4.2599999999999998       -8.5111547356291020E-002
   4.2660000000000000       -8.4583060408163047E-002
   4.2720000000000002       -8.4059692887665474E-002
   4.2780000000000005       -8.3541318650906526E-002
   4.2839999999999998       -8.3027812365270681E-002
   4.2900000000000000       -8.2519049371770944E-002
   4.2960000000000003       -8.2014904269228403E-002
   4.3020000000000005       -8.1515253062504123E-002
   4.3079999999999998       -8.1019968573529833E-002
   4.3140000000000001       -8.0528926955075075E-002
   4.3200000000000003       -8.0042001119564193E-002
   4.3260000000000005       -7.9559064527938608E-002
   4.3319999999999999       -7.9079994254266706E-002
   4.3380000000000001       -7.8604662291865968E-002
   4.3440000000000003       -7.8132942368181732E-002
   4.3500000000000005       -7.7664709279685912E-002
   4.3559999999999999       -7.7199834433092529E-002
   4.3620000000000001       -7.6738194037027266E-002
   4.3680000000000003       -7.6279660017935874E-002
   4.3739999999999997       -7.5824105349956275E-002
   4.3799999999999999       -7.5371403547419294E-002
   4.3860000000000001       -7.4921428205326920E-002
   4.3920000000000003       -7.4474051357364818E-002
   4.3979999999999997       -7.4029144916661113E-002
   4.4039999999999999       -7.3586584077545564E-002
   4.4100000000000001       -7.3146238986392914E-002
   4.4160000000000004       -7.2707982868440144E-002
   4.4219999999999997       -7.2271688646072960E-002
   4.4279999999999999       -7.1837226762310941E-002
   4.4340000000000002       -7.1404470954032337E-002
   4.4400000000000004       -7.0973292809921540E-002
   4.4459999999999997       -7.0543563459468467E-002
   4.4520000000000000       -7.0115154887865141E-002
   4.4580000000000002       -6.9687938167058580E-002
   4.4640000000000004       -6.9261786357375302E-002
   4.4699999999999998       -6.8836569060304401E-002
   4.4760000000000000       -6.8412158643599952E-002
   4.4820000000000002       -6.7988425638784114E-002
   4.4880000000000004       -6.7565239954931591E-002
   4.4939999999999998       -6.7142474900495186E-002
   4.5000000000000000       -6.6720000000000002E-002
   4.5060000000000002       -6.6297717325782740E-002
   4.5120000000000005       -6.5875658542510609E-002
   4.5179999999999998       -6.5453884201063822E-002
   4.5240000000000000       -6.5032458012566186E-002
   4.5300000000000002       -6.4611441699779726E-002
   4.5360000000000005       -6.4190897318339629E-002
   4.5419999999999998       -6.3770886300452828E-002
   4.5480000000000000       -6.3351469980465577E-002
   4.5540000000000003       -6.2932711363872129E-002
   4.5600000000000005       -6.2514670658265006E-002
   4.5659999999999998       -6.2097409987917185E-002
   4.5720000000000001       -6.1680991009440612E-002
   4.5780000000000003       -6.1265473141902081E-002
   4.5840000000000005       -6.0850919669538824E-002
   4.5899999999999999       -6.0437390531610111E-002
   4.5960000000000001       -6.0024946311454684E-002
   4.6020000000000003       -5.9613648453249228E-002
   4.6080000000000005       -5.9203556752579295E-002
   4.6139999999999999       -5.8794732771635938E-002
   4.6200000000000001       -5.8387236345378048E-002
   4.6260000000000003       -5.7981128053926363E-002
   4.6319999999999997       -5.7576467852653440E-002
   4.6379999999999999       -5.7173315765881264E-002
   4.6440000000000001       -5.6771732700784228E-002
   4.6500000000000004       -5.6371776913849703E-002
   4.6559999999999997       -5.5973509996934442E-002
   4.6619999999999999       -5.5576990962530423E-002
   4.6680000000000001       -5.5182278954139546E-002
   4.6740000000000004       -5.4789434427764711E-002
   4.6799999999999997       -5.4398515260678168E-002
   4.6859999999999999       -5.4009582234375818E-002
   4.6920000000000002       -5.3622694147237693E-002
   4.6980000000000004       -5.3237909859581704E-002
   4.7039999999999997       -5.2855288629037371E-002
   4.7100000000000000       -5.2474888623861959E-002
   4.7160000000000002       -5.2096769641032603E-002
   4.7220000000000004       -5.1720989824645375E-002
   4.7279999999999998       -5.1347607793655228E-002
   4.7340000000000000       -5.0976682545372756E-002
   4.7400000000000002       -5.0608271132288184E-002
   4.7460000000000004       -5.0242433467317410E-002
   4.7519999999999998       -4.9879226490590657E-002
   4.7580000000000000       -4.9518681009139663E-002
   4.7640000000000002       -4.9160787266747774E-002
   4.7700000000000005       -4.8805530173189615E-002
   4.7759999999999998       -4.8452896596049233E-002
   4.7820000000000000       -4.8102871992869861E-002
   4.7880000000000003       -4.7755441681583445E-002
   4.7940000000000005       -4.7410591553457254E-002
   4.7999999999999998       -4.7068306251095454E-002
   4.8060000000000000       -4.6728572441590344E-002
   4.8120000000000003       -4.6391374550396228E-002
   4.8180000000000005       -4.6056697792399862E-002
   4.8239999999999998       -4.5724527622730202E-002
   4.8300000000000001       -4.5394847966415013E-002
   4.8360000000000003       -4.5067644923542705E-002
   4.8420000000000005       -4.4742903035223616E-002
   4.8479999999999999       -4.4420606377326435E-002
   4.8540000000000001       -4.4100740311804415E-002
   4.8600000000000003       -4.3783288286642089E-002
   4.8659999999999997       -4.3468235719764894E-002
   4.8719999999999999       -4.3155566677784071E-002
   4.8780000000000001       -4.2845265244956618E-002
   4.8840000000000003       -4.2537315701469763E-002
   4.8899999999999997       -4.2231701791237850E-002
   4.8959999999999999       -4.1928407982628174E-002
   4.9020000000000001       -4.1627417110358458E-002
   4.9080000000000004       -4.1328714188733004E-002
   4.9139999999999997       -4.1032282454011734E-002
   4.9199999999999999       -4.0738105072304562E-002
   4.9260000000000002       -4.0446166324982408E-002
   4.9320000000000004       -4.0156448595047745E-002
   4.9379999999999997       -3.9868936114538060E-002
   4.9440000000000000       -3.9583611934177046E-002
   4.9500000000000002       -3.9300458871775842E-002
   4.9560000000000004       -3.9019460357319707E-002
   4.9619999999999997       -3.8740598797415857E-002
   4.9680000000000000       -3.8463857780605348E-002
   4.9740000000000002       -3.8189219918006993E-002
   4.9800000000000004       -3.7916667572972865E-002
   4.9859999999999998       -3.7646183891303427E-002
   4.9920000000000000       -3.7377750605405359E-002
   4.9980000000000002       -3.7111350980304436E-002
   5.0040000000000004       -3.6846967513901992E-002
   5.0099999999999998       -3.6584586846600736E-002
   5.0160000000000000       -3.6324198676237214E-002
   5.0220000000000002       -3.6065791699379443E-002
   5.0280000000000005       -3.5809355998020126E-002
   5.0339999999999998       -3.5554880542944423E-002
   5.0400000000000000       -3.5302354226073543E-002
   5.0460000000000003       -3.5051766399449361E-002
   5.0520000000000005       -3.4803105368345341E-002
   5.0579999999999998       -3.4556360768222903E-002
   5.0640000000000001       -3.4311521196724371E-002
   5.0700000000000003       -3.4068574994935291E-002
   5.0760000000000005       -3.3827511265767579E-002
   5.0819999999999999       -3.3588317981057561E-002
   5.0880000000000001       -3.3350984096236248E-002
   5.0940000000000003       -3.3115416085329544E-002
   5.1000000000000005       -3.2881042849354516E-002
   5.1059999999999999       -3.2647779599584745E-002
   5.1120000000000001       -3.2415652804810437E-002
   5.1180000000000003       -3.2184690241205460E-002
   5.1239999999999997       -3.1954919064158212E-002
   5.1299999999999999       -3.1726366019353441E-002
   5.1360000000000001       -3.1499058770698127E-002
   5.1420000000000003       -3.1273024025063455E-002
   5.1479999999999997       -3.1048289297683482E-002
   5.1539999999999999       -3.0824881320804166E-002
   5.1600000000000001       -3.0602827630758389E-002
   5.1660000000000004       -3.0382155537486445E-002
   5.1719999999999997       -3.0162891731545394E-002
   5.1779999999999999       -2.9945063874267874E-002
   5.1840000000000002       -2.9728698517584848E-002
   5.1900000000000004       -2.9513823360045113E-002
   5.1959999999999997       -2.9300465537465743E-002
   5.2020000000000000       -2.9088651882132010E-002
   5.2080000000000002       -2.8878409974869464E-002
   5.2140000000000004       -2.8669766432555366E-002
   5.2199999999999998       -2.8462748900919783E-002
   5.2260000000000000       -2.8257384521224865E-002
   5.2320000000000002       -2.8053700154598099E-002
   5.2380000000000004       -2.7851723355336644E-002
   5.2439999999999998       -2.7651480761003600E-002
   5.2500000000000000       -2.7453000000000002E-002
   5.2560000000000002       -2.7256300889720815E-002
   5.2620000000000005       -2.7061373630539218E-002
   5.2679999999999998       -2.6868201772481240E-002
   5.2740000000000000       -2.6676767992457863E-002
   5.2800000000000002       -2.6487055881413479E-002
   5.2860000000000005       -2.6299048628262042E-002
   5.2919999999999998       -2.6112729086535249E-002
   5.2980000000000000       -2.5928080807037800E-002
   5.3040000000000003       -2.5745086489724057E-002
   5.3100000000000005       -2.5563729695520319E-002
   5.3159999999999998       -2.5383993609342133E-002
   5.3220000000000001       -2.5205861117243194E-002
   5.3280000000000003       -2.5029315745106327E-002
   5.3340000000000005       -2.4854340218738648E-002
   5.3399999999999999       -2.4680918073303942E-002
   5.3460000000000001       -2.4509032493467125E-002
   5.3520000000000003       -2.4338666374478006E-002
   5.3580000000000005       -2.4169803221733316E-002
   5.3639999999999999       -2.4002425815296220E-002
   5.3700000000000001       -2.3836517637044464E-002
   5.3760000000000003       -2.3672061882714059E-002
   5.3819999999999997       -2.3509041475534287E-002
   5.3879999999999999       -2.3347439875303952E-002
   5.3940000000000001       -2.3187239951785593E-002
   5.4000000000000004       -2.3028425190971938E-002
   5.4059999999999997       -2.2870978407964142E-002
   5.4119999999999999       -2.2714883058816613E-002
   5.4180000000000001       -2.2560122329361266E-002
   5.4240000000000004       -2.2406679169200919E-002
   5.4299999999999997       -2.2254537027870721E-002
   5.4359999999999999       -2.2103678743296485E-002
   5.4420000000000002       -2.1954087746789391E-002
   5.4480000000000004       -2.1805747235593011E-002
   5.4539999999999997       -2.1658640162745116E-002
   5.4600000000000000       -2.1512749962260602E-002
   5.4660000000000002       -2.1368059504415275E-002
   5.4720000000000004       -2.1224552178725094E-002
   5.4779999999999998       -2.1082211206478768E-002
   5.4840000000000000       -2.0941019552146757E-002
   5.4900000000000002       -2.0800960617912079E-002
   5.4960000000000004       -2.0662017298019364E-002
   5.5019999999999998       -2.0524173028839715E-002
   5.5080000000000000       -2.0387413593288564E-002
   5.5140000000000002       -2.0251728462926569E-002
   5.5200000000000005       -2.0117107909086978E-002
   5.5259999999999998       -1.9983541684502427E-002
   5.5320000000000000       -1.9851019993692869E-002
   5.5380000000000003       -1.9719532906472208E-002
   5.5440000000000005       -1.9589070260373466E-002
   5.5499999999999998       -1.9459622278495532E-002
   5.5560000000000000       -1.9331178752942921E-002
   5.5620000000000003       -1.9203729875419014E-002
   5.5680000000000005       -1.9077265711826486E-002
   5.5739999999999998       -1.8951776098971047E-002
   5.5800000000000001       -1.8827251261849798E-002
   5.5860000000000003       -1.8703681013410401E-002
   5.5920000000000005       -1.8581055515775324E-002
   5.5979999999999999       -1.8459364837519379E-002
   5.6040000000000001       -1.8338598836081167E-002
   5.6100000000000003       -1.8218747702543722E-002
   5.6160000000000005       -1.8099801299863723E-002
   5.6219999999999999       -1.7981749740988481E-002
   5.6280000000000001       -1.7864583106161958E-002
   5.6340000000000003       -1.7748291280099793E-002
   5.6399999999999997       -1.7632864434232880E-002
   5.6459999999999999       -1.7518292435387633E-002
   5.6520000000000001       -1.7404565452763945E-002
   5.6580000000000004       -1.7291673363732045E-002
   5.6639999999999997       -1.7179606285373312E-002
   5.6699999999999999       -1.7068354275715941E-002
   5.6760000000000002       -1.6957907244026738E-002
   5.6820000000000004       -1.6848255335369773E-002
   5.6879999999999997       -1.6739388440501012E-002
   5.6940000000000000       -1.6631296666913611E-002
   5.7000000000000002       -1.6523970070103679E-002
   5.7060000000000004       -1.6417398570859276E-002
   5.7119999999999997       -1.6311572299197115E-002
   5.7180000000000000       -1.6206481166373018E-002
   5.7240000000000002       -1.6102115263429601E-002
   5.7300000000000004       -1.5998464644953532E-002
   5.7359999999999998       -1.5895519245350331E-002
   5.7420000000000000       -1.5793269177853939E-002
   5.7480000000000002       -1.5691704370923248E-002
   5.7540000000000004       -1.5590815264486873E-002
   5.7599999999999998       -1.5490596420519670E-002
   5.7660000000000000       -1.5391044988862063E-002
   5.7720000000000002       -1.5292158308693484E-002
   5.7780000000000005       -1.5193933568627090E-002
   5.7839999999999998       -1.5096368081846286E-002
   5.7900000000000000       -1.4999459134830544E-002
   5.7960000000000003       -1.4903203932796346E-002
   5.8020000000000005       -1.4807599804225616E-002
   5.8079999999999998       -1.4712643950452142E-002
   5.8140000000000001       -1.4618333675071460E-002
   5.8200000000000003       -1.4524666261011203E-002
   5.8260000000000005       -1.4431638926933605E-002
   5.8319999999999999       -1.4339248985811907E-002
   5.8380000000000001       -1.4247493654573951E-002
   5.8440000000000003       -1.4156370228152177E-002
   5.8500000000000005       -1.4065875984806801E-002
   5.8559999999999999       -1.3976008154047337E-002
   5.8620000000000001       -1.3886764038444337E-002
   5.8680000000000003       -1.3798140866670357E-002
   5.8740000000000006       -1.3710135924605158E-002
   5.8799999999999999       -1.3622746489830658E-002
   5.8860000000000001       -1.3535969799422879E-002
   5.8920000000000003       -1.3449803146143045E-002
   5.8979999999999997       -1.3364243769858218E-002
   5.9039999999999999       -1.3279288959988932E-002
   5.9100000000000001       -1.3194935959420097E-002
   5.9160000000000004       -1.3111182046079377E-002
   5.9219999999999997       -1.3028024492604196E-002
   5.9279999999999999       -1.2945460547787519E-002
   5.9340000000000002       -1.2863487492650630E-002
   5.9400000000000004       -1.2782102578462188E-002
   5.9459999999999997       -1.2701303078422285E-002
   5.9520000000000000       -1.2621086261972012E-002
   5.9580000000000002       -1.2541449385273963E-002
   5.9640000000000004       -1.2462389722002297E-002
   5.9699999999999998       -1.2383904530618790E-002
   5.9760000000000000       -1.2305991080442107E-002
   5.9820000000000002       -1.2228646638301314E-002
   5.9880000000000004       -1.2151868466215453E-002
   5.9939999999999998       -1.2075653832097775E-002
