 X =   0.50000000000000000      Y =    0.0000000000000000      Npts =        1000
   0.0000000000000000        52.477498732890005     
   6.0060060060060060E-003   51.250538171037114     
   1.2012012012012012E-002   50.046458401158347     
   1.8018018018018018E-002   48.864865207314622     
   2.4024024024024024E-002   47.705370937864124     
   3.0030030030030030E-002   46.567594397884271     
   3.6036036036036036E-002   45.451160743344062     
   4.2042042042042038E-002   44.355701376997146     
   4.8048048048048048E-002   43.280853845967776     
   5.4054054054054057E-002   42.226261741003327     
   6.0060060060060060E-002   41.191574597364827     
   6.6066066066066062E-002   40.176447797330191     
   7.2072072072072071E-002   39.180542474283406     
   7.8078078078078081E-002   38.203525418364244     
   8.4084084084084076E-002   37.245068983652928     
   9.0090090090090086E-002   36.304850996865206     
   9.6096096096096095E-002   35.382554667533164     
  0.10210210210210210        34.477868499647741     
  0.10810810810810811        33.590486204739264     
  0.11411411411411411        32.720106616372668     
  0.12012012012012012        31.866433606034580     
  0.12612612612612611        31.029176000389473     
  0.13213213213213212        30.208047499883108     
  0.13813813813813813        29.402766598670834     
  0.14414414414414414        28.613056505849926     
  0.15015015015015015        27.838645067974323     
  0.15615615615615616        27.079264692831185     
  0.16216216216216217        26.334652274458900     
  0.16816816816816815        25.604549119386107     
  0.17417417417417416        24.888700874072331     
  0.18018018018018017        24.186857453530397     
  0.18618618618618618        23.498772971111727     
  0.19219219219219219        22.824205669435582     
  0.19819819819819820        22.162917852443456     
  0.20420420420420421        21.514675818560892     
  0.21021021021021022        20.879249794948262     
  0.21621621621621623        20.256413872823092     
  0.22222222222222221        19.645945943836612     
  0.22822822822822822        19.047627637487164     
  0.23423423423423423        18.461244259554068     
  0.24024024024024024        17.886584731534878     
  0.24624624624624625        17.323441531070237     
  0.25225225225225223        16.771610633340014     
  0.25825825825825827        16.230891453415094     
  0.26426426426426425        15.701086789549230     
  0.27027027027027029        15.182002767395769     
  0.27627627627627627        14.673448785134307     
  0.28228228228228230        14.175237459492308     
  0.28828828828828829        13.687184572647499     
  0.29429429429429427        13.209109019996228     
  0.30030030030030030        12.740832758774451     
  0.30630630630630629        12.282180757516754     
  0.31231231231231232        11.832980946340406     
  0.31831831831831831        11.393064168040770     
  0.32432432432432434        10.962264129984788     
  0.33033033033033032        10.540417356790073     
  0.33633633633633631        10.127363143776217     
  0.34234234234234234        9.7229435111762967     
  0.34834834834834832        9.3270031590959892     
  0.35435435435435436        8.9393894232081550     
  0.36036036036036034        8.5599522311711560     
  0.36636636636636638        8.1885440597588239     
  0.37237237237237236        7.8250198926908725     
  0.37837837837837840        7.4692371791521008     
  0.38438438438438438        7.1210557929894369     
  0.39039039039039036        6.7803379925755749     
  0.39639639639639640        6.4469483813286415     
  0.40240240240240238        6.1207538688769914     
  0.40840840840840842        5.8016236328588660     
  0.41441441441441440        5.4894290813464002     
  0.42042042042042044        5.1840438158840350     
  0.42642642642642642        4.8853435951312560     
  0.43243243243243246        4.5932062990997586     
  0.43843843843843844        4.3075118939756170     
  0.44444444444444442        4.0281423975166639     
  0.45045045045045046        3.7549818450160264     
  0.45645645645645644        3.4879162558223720     
  0.46246246246246248        3.2268336004079261     
  0.46846846846846846        2.9716237679754776     
  0.47447447447447449        2.7221785345953293     
  0.48048048048048048        2.4783915318638523     
  0.48648648648648646        2.2401582160750713     
  0.49249249249249250        2.0073758378968183     
  0.49849849849849848        1.7799434125435425     
  0.50450450450450446        1.5577616904373746     
  0.51051051051051055        1.3407331283497179     
  0.51651651651651653        1.1287618610155628     
  0.52252252252252251       0.92175367321265900     
  0.52852852852852850       0.71961597229821883     
  0.53453453453453448       0.52225776119550094     
  0.54054054054054057       0.32958961182314134     
  0.54654654654654655       0.14152363895990480     
  0.55255255255255253       -4.2026525462193882E-002
  0.55855855855855852      -0.22114575764330921     
  0.56456456456456461      -0.39591746678667250     
  0.57057057057057059      -0.56642361956162479     
  0.57657657657657657      -0.73274476416551892     
  0.58258258258258255      -0.89496005399093814     
  0.58858858858858853       -1.0531472709046648     
  0.59459459459459463       -1.2073828481447595     
  0.60060060060060061       -1.3577418928418987     
  0.60660660660660659       -1.5042982081711471     
  0.61261261261261257       -1.6471243151401425     
  0.61861861861861867       -1.7862914740196041     
  0.62462462462462465       -1.9218697054220180     
  0.63063063063063063       -2.0539278110341996     
  0.63663663663663661       -2.1825333940093836     
  0.64264264264264259       -2.3077528790243647     
  0.64864864864864868       -2.4296515320071501     
  0.65465465465465467       -2.5482934795405221     
  0.66066066066066065       -2.6637417279467157     
  0.66666666666666663       -2.7760581820584704     
  0.67267267267267261       -2.8853036636815341     
  0.67867867867867870       -2.9915379297536511     
  0.68468468468468469       -3.0948196902049507     
  0.69069069069069067       -3.1952066255246701     
  0.69669669669669665       -3.2927554040388975     
  0.70270270270270274       -3.3875216989041435     
  0.70870870870870872       -3.4795602048212708     
  0.71471471471471471       -3.5689246544744524     
  0.72072072072072069       -3.6556678346994986     
  0.72672672672672667       -3.7398416023861167     
  0.73273273273273276       -3.8214969001183245     
  0.73873873873873874       -3.9006837715573068     
  0.74474474474474472       -3.9774513765709787     
  0.75075075075075071       -4.0518480061142972     
  0.75675675675675680       -4.1239210968644429     
  0.76276276276276278       -4.1937172456148328     
  0.76876876876876876       -4.2612822234319463     
  0.77477477477477474       -4.3266609895787500     
  0.78078078078078073       -4.3898977052086208     
  0.78678678678678682       -4.4510357468334449     
  0.79279279279279280       -4.5101177195695978     
  0.79879879879879878       -4.5671854701654304     
  0.80480480480480476       -4.6222800998138336     
  0.81081081081081086       -4.6754419767533619     
  0.81681681681681684       -4.7267107486613762     
  0.82282282282282282       -4.7761253548426463     
  0.82882882882882880       -4.8237240382166613     
  0.83483483483483478       -4.8695443571069985     
  0.84084084084084088       -4.9136231968359905     
  0.84684684684684686       -4.9559967811278067     
  0.85285285285285284       -4.9967006833231276     
  0.85885885885885882       -5.0357698374084983     
  0.86486486486486491       -5.0732385488633183     
  0.87087087087087089       -5.1091405053275336     
  0.87687687687687688       -5.1435087870928911     
  0.88288288288288286       -5.1763758774206750     
  0.88888888888888884       -5.2077736726887371     
  0.89489489489489493       -5.2377334923706380     
  0.90090090090090091       -5.2662860888496086     
  0.90690690690690690       -5.2934616570700550     
  0.91291291291291288       -5.3192898440292433     
  0.91891891891891886       -5.3437997581118175     
  0.92492492492492495       -5.3670199782696431     
  0.93093093093093093       -5.3889785630495908     
  0.93693693693693691       -5.4097030594716813     
  0.94294294294294290       -5.4292205117600831     
  0.94894894894894899       -5.4475574699293308     
  0.95495495495495497       -5.4647399982281630     
  0.96096096096096095       -5.4807936834432880     
  0.96696696696696693       -5.4957436430653805     
  0.97297297297297292       -5.5096145333195716     
  0.97897897897897901       -5.5224305570625987     
  0.98498498498498499       -5.5342154715488903     
  0.99099099099099097       -5.5449925960676181     
  0.99699699699699695       -5.5547848194529408     
   1.0030030030030030       -5.5636146074694208     
   1.0090090090090089       -5.5715040100747046     
   1.0150150150150150       -5.5784746685614977     
   1.0210210210210211       -5.5845478225807268     
   1.0270270270270270       -5.5897443170479582     
   1.0330330330330331       -5.5940846089348577     
   1.0390390390390389       -5.5975887739476615     
   1.0450450450450450       -5.6002765130944869     
   1.0510510510510511       -5.6021671591432813     
   1.0570570570570570       -5.6032796829722358     
   1.0630630630630631       -5.6036326998143986     
   1.0690690690690690       -5.6032444753982356     
   1.0750750750750750       -5.6021329319858486     
   1.0810810810810811       -5.6003156543105117     
   1.0870870870870870       -5.5978098954151951     
   1.0930930930930931       -5.5946325823936931     
   1.0990990990990992       -5.5908003220359470     
   1.1051051051051051       -5.5863294063791429     
   1.1111111111111112       -5.5812358181661361     
   1.1171171171171170       -5.5755352362127013     
   1.1231231231231231       -5.5692430406851319     
   1.1291291291291292       -5.5623743182896321     
   1.1351351351351351       -5.5549438673749840     
   1.1411411411411412       -5.5469662029498714     
   1.1471471471471471       -5.5384555616163027     
   1.1531531531531531       -5.5294259064204807     
   1.1591591591591592       -5.5198909316224958     
   1.1651651651651651       -5.5098640673861548     
   1.1711711711711712       -5.4993584843902825     
   1.1771771771771771       -5.4883870983627743     
   1.1831831831831832       -5.4769625745386472     
   1.1891891891891893       -5.4650973320434000     
   1.1951951951951951       -5.4528035482028310     
   1.2012012012012012       -5.4400931627805820     
   1.2072072072072071       -5.4269778821445849     
   1.2132132132132132       -5.4134691833635520     
   1.2192192192192193       -5.3995783182347052     
   1.2252252252252251       -5.3853163172438290     
   1.2312312312312312       -5.3706939934588078     
   1.2372372372372373       -5.3557219463576970     
   1.2432432432432432       -5.3404105655924443     
   1.2492492492492493       -5.3247700346892932     
   1.2552552552552552       -5.3088103346869273     
   1.2612612612612613       -5.2925412477133715     
   1.2672672672672673       -5.2759723605026654     
   1.2732732732732732       -5.2591130678522990     
   1.2792792792792793       -5.2419725760223850     
   1.2852852852852852       -5.2245599060775314     
   1.2912912912912913       -5.2068838971723457     
   1.2972972972972974       -5.1889532097815358     
   1.3033033033033032       -5.1707763288754736     
   1.3093093093093093       -5.1523615670421457     
   1.3153153153153152       -5.1337170675563959     
   1.3213213213213213       -5.1148508073972749     
   1.3273273273273274       -5.0957706002144123     
   1.3333333333333333       -5.0764840992442144     
   1.3393393393393394       -5.0569988001767205     
   1.3453453453453452       -5.0373220439739592     
   1.3513513513513513       -5.0174610196405638     
   1.3573573573573574       -4.9974227669474685     
   1.3633633633633633       -4.9772141791094580     
   1.3693693693693694       -4.9568420054173004     
   1.3753753753753755       -4.9363128538252621     
   1.3813813813813813       -4.9156331934947080     
   1.3873873873873874       -4.8948093572945188     
   1.3933933933933933       -4.8738475442590543     
   1.3993993993993994       -4.8527538220043489     
   1.4054054054054055       -4.8315341291032361     
   1.4114114114114114       -4.8101942774200870     
   1.4174174174174174       -4.7887399544058145     
   1.4234234234234233       -4.7671767253538331     
   1.4294294294294294       -4.7455100356175723     
   1.4354354354354355       -4.7237452127902371     
   1.4414414414414414       -4.7018874688473948     
   1.4474474474474475       -4.6799419022530202     
   1.4534534534534533       -4.6579135000296219     
   1.4594594594594594       -4.6358071397930134     
   1.4654654654654655       -4.6136275917523362     
   1.4714714714714714       -4.5913795206759165     
   1.4774774774774775       -4.5690674878234923     
   1.4834834834834836       -4.5466959528454112     
   1.4894894894894894       -4.5242692756493010     
   1.4954954954954955       -4.5017917182348004     
   1.5015015015015014       -4.4792674464968369     
   1.5075075075075075       -4.4567005319980080     
   1.5135135135135136       -4.4340949537105514     
   1.5195195195195195       -4.4114545997284411     
   1.5255255255255256       -4.3887832689500614     
   1.5315315315315314       -4.3660846727320095     
   1.5375375375375375       -4.3433624365144343     
   1.5435435435435436       -4.3206201014184487     
   1.5495495495495495       -4.2978611258160448     
   1.5555555555555556       -4.2750888868729753     
   1.5615615615615615       -4.2523066820650586     
   1.5675675675675675       -4.2295177306683431     
   1.5735735735735736       -4.2067251752235721     
   1.5795795795795795       -4.1839320829753710     
   1.5855855855855856       -4.1611414472865791     
   1.5915915915915915       -4.1383561890281495     
   1.5975975975975976       -4.1155791579450058     
   1.6036036036036037       -4.0928131339982841     
   1.6096096096096095       -4.0700608286843227     
   1.6156156156156156       -4.0473248863308102     
   1.6216216216216217       -4.0246078853704672     
   1.6276276276276276       -4.0019123395926322     
   1.6336336336336337       -3.9792406993731282     
   1.6396396396396395       -3.9565953528827635     
   1.6456456456456456       -3.9339786272748314     
   1.6516516516516517       -3.9113927898519654     
   1.6576576576576576       -3.8888400492126731     
   1.6636636636636637       -3.8663225563779120     
   1.6696696696696696       -3.8438424058980343     
   1.6756756756756757       -3.8214016369404153     
   1.6816816816816818       -3.7990022343581185     
   1.6876876876876876       -3.7766461297398797     
   1.6936936936936937       -3.7543352024417507     
   1.6996996996996996       -3.7320712806006990     
   1.7057057057057057       -3.7098561421304592     
   1.7117117117117118       -3.6876915156999548     
   1.7177177177177176       -3.6655790816945557     
   1.7237237237237237       -3.6435204731604802     
   1.7297297297297298       -3.6215172767326180     
   1.7357357357357357       -3.5995710335460505     
   1.7417417417417418       -3.5776832401315355     
   1.7477477477477477       -3.5558553492952543     
   1.7537537537537538       -3.5340887709830406     
   1.7597597597597598       -3.5123848731293981     
   1.7657657657657657       -3.4907449824915275     
   1.7717717717717718       -3.4691703854686344     
   1.7777777777777777       -3.4476623289067656     
   1.7837837837837838       -3.4262220208893988     
   1.7897897897897899       -3.4048506315140550     
   1.7957957957957957       -3.3835492936551494     
   1.8018018018018018       -3.3623191037133031     
   1.8078078078078077       -3.3411611223513842     
   1.8138138138138138       -3.3200763752174480     
   1.8198198198198199       -3.2990658536548487     
   1.8258258258258258       -3.2781305153997002     
   1.8318318318318318       -3.2572712852659222     
   1.8378378378378377       -3.2364890558180743     
   1.8438438438438438       -3.2157846880321830     
   1.8498498498498499       -3.1951590119447677     
   1.8558558558558558       -3.1746128272902672     
   1.8618618618618619       -3.1541469041270478     
   1.8678678678678680       -3.1337619834522181     
   1.8738738738738738       -3.1134587778054064     
   1.8798798798798799       -3.0932379718616985     
   1.8858858858858858       -3.0731002230139421     
   1.8918918918918919       -3.0530461619445592     
   1.8978978978978980       -3.0330763931870748     
   1.9039039039039038       -3.0131914956775261     
   1.9099099099099099       -2.9933920232959168     
   1.9159159159159158       -2.9736785053979080     
   1.9219219219219219       -2.9540514473368753     
   1.9279279279279280       -2.9345113309765423     
   1.9339339339339339       -2.9150586151943023     
   1.9399399399399400       -2.8956937363754256     
   1.9459459459459458       -2.8764171088982926     
   1.9519519519519519       -2.8572291256107922     
   1.9579579579579580       -2.8381301582980640     
   1.9639639639639639       -2.8191205581417123     
   1.9699699699699700       -2.8002006561706363     
   1.9759759759759759       -2.7813707637036362     
   1.9819819819819819       -2.7626311727839186     
   1.9879879879879880       -2.7439821566056461     
   1.9939939939939939       -2.7254239699326739     
   2.0000000000000000       -2.7069568495095906     
   2.0060060060060061       -2.6885810144652127     
   2.0120120120120122       -2.6702966667086545     
   2.0180180180180178       -2.6521039913180928     
   2.0240240240240239       -2.6340031569223634     
   2.0300300300300300       -2.6159943160755144     
   2.0360360360360361       -2.5980776056244199     
   2.0420420420420422       -2.5802531470695933     
   2.0480480480480479       -2.5625210469193012     
   2.0540540540540539       -2.5448813970371011     
   2.0600600600600600       -2.5273342749829233     
   2.0660660660660661       -2.5098797443477880     
   2.0720720720720722       -2.4925178550822844     
   2.0780780780780779       -2.4752486438189170     
   2.0840840840840840       -2.4580721341884066     
   2.0900900900900901       -2.4409883371300922     
   2.0960960960960962       -2.4239972511964809     
   2.1021021021021022       -2.4070988628520893     
   2.1081081081081079       -2.3902931467666626     
   2.1141141141141140       -2.3735800661028517     
   2.1201201201201201       -2.3569595727984796     
   2.1261261261261262       -2.3404316078434504     
   2.1321321321321323       -2.3239961015514288     
   2.1381381381381379       -2.3076529738263556     
   2.1441441441441440       -2.2914021344238993     
   2.1501501501501501       -2.2752434832079405     
   2.1561561561561562       -2.2591769104021528     
   2.1621621621621623       -2.2432022968367877     
   2.1681681681681679       -2.2273195141907358     
   2.1741741741741740       -2.2115284252289427     
   2.1801801801801801       -2.1958288840352753     
   2.1861861861861862       -2.1802207362409050     
   2.1921921921921923       -2.1647038192482868     
   2.1981981981981984       -2.1492779624508187     
   2.2042042042042040       -2.1339429874482483     
   2.2102102102102101       -2.1186987082579085     
   2.2162162162162162       -2.1035449315218502     
   2.2222222222222223       -2.0884814567099466     
   2.2282282282282284       -2.0735080763190359     
   2.2342342342342341       -2.0586245760681763     
   2.2402402402402402       -2.0438307350900766     
   2.2462462462462462       -2.0291263261187815     
   2.2522522522522523       -2.0145111156736548     
   2.2582582582582584       -1.9999848642397524     
   2.2642642642642641       -1.9855473264446286     
   2.2702702702702702       -1.9711982512316408     
   2.2762762762762763       -1.9569373820298348     
   2.2822822822822824       -1.9427644569204374     
   2.2882882882882885       -1.9286792088000453     
   2.2942942942942941       -1.9146813655405559     
   2.3003003003003002       -1.9007706501458905     
   2.3063063063063063       -1.8869467809055900     
   2.3123123123123124       -1.8732094715453131     
   2.3183183183183185       -1.8595584313743052     
   2.3243243243243241       -1.8459933654298906     
   2.3303303303303302       -1.8325139746190362     
   2.3363363363363363       -1.8191199558570490     
   2.3423423423423424       -1.8058110022034455     
   2.3483483483483485       -1.7925868029950494     
   2.3543543543543541       -1.7794470439763721     
   2.3603603603603602       -1.7663914074273115     
   2.3663663663663663       -1.7534195722882351     
   2.3723723723723724       -1.7405312142824754     
   2.3783783783783785       -1.7277260060362947     
   2.3843843843843842       -1.7150036171963685     
   2.3903903903903903       -1.7023637145448125     
   2.3963963963963963       -1.6898059621118287     
   2.4024024024024024       -1.6773300212859805     
   2.4084084084084085       -1.6649355509221597     
   2.4144144144144142       -1.6526222074472858     
   2.4204204204204203       -1.6403896449637654     
   2.4264264264264264       -1.6282375153507704     
   2.4324324324324325       -1.6161654683633599     
   2.4384384384384385       -1.6041731517294904     
   2.4444444444444446       -1.5922602112449522     
   2.4504504504504503       -1.5804262908662727     
   2.4564564564564564       -1.5686710328016127     
   2.4624624624624625       -1.5569940775997093     
   2.4684684684684686       -1.5453950642368863     
   2.4744744744744747       -1.5338736302021707     
   2.4804804804804803       -1.5224294115805550     
   2.4864864864864864       -1.5110620431344317     
   2.4924924924924925       -1.4997711583832454     
   2.4984984984984986       -1.4885563896813780     
   2.5045045045045047       -1.4774173682943088     
   2.5105105105105103       -1.4663537244730913     
   2.5165165165165164       -1.4553650875271518     
   2.5225225225225225       -1.4444510858954696     
   2.5285285285285286       -1.4336113472161465     
   2.5345345345345347       -1.4228454983944043     
   2.5405405405405403       -1.4121531656690463     
   2.5465465465465464       -1.4015339746773881     
   2.5525525525525525       -1.3909875505187219     
   2.5585585585585586       -1.3805135178163035     
   2.5645645645645647       -1.3701115007779161     
   2.5705705705705704       -1.3597811232550265     
   2.5765765765765765       -1.3495220088005568     
   2.5825825825825826       -1.3393337807253130     
   2.5885885885885886       -1.3292160621530749     
   2.5945945945945947       -1.3191684760743849     
   2.6006006006006004       -1.3091906453990607     
   2.6066066066066065       -1.2992821930074450     
   2.6126126126126126       -1.2894427418004342     
   2.6186186186186187       -1.2796719147482889     
   2.6246246246246248       -1.2699693349382619     
   2.6306306306306304       -1.2603346256210650     
   2.6366366366366365       -1.2507674102561854     
   2.6426426426426426       -1.2412673125560967     
   2.6486486486486487       -1.2318339565293572     
   2.6546546546546548       -1.2224669665226378     
   2.6606606606606604       -1.2131659672616899     
   2.6666666666666665       -1.2039305838912742     
   2.6726726726726726       -1.1947604420140794     
   2.6786786786786787       -1.1856551677286333     
   2.6846846846846848       -1.1766143876662412     
   2.6906906906906904       -1.1676377290269622     
   2.6966966966966965       -1.1587248196146396     
   2.7027027027027026       -1.1498752878710194     
   2.7087087087087087       -1.1410887629089494     
   2.7147147147147148       -1.1323648745446981     
   2.7207207207207209       -1.1237032533293985     
   2.7267267267267266       -1.1151035305796420     
   2.7327327327327327       -1.1065653384072294     
   2.7387387387387387       -1.0980883097481053     
   2.7447447447447448       -1.0896720783904845     
   2.7507507507507509       -1.0813162790021880     
   2.7567567567567566       -1.0730205471572076     
   2.7627627627627627       -1.0647845193615100     
   2.7687687687687688       -1.0566078330780972     
   2.7747747747747749       -1.0484901267513360     
   2.7807807807807809       -1.0404310398305765     
   2.7867867867867866       -1.0324302127930660     
   2.7927927927927927       -1.0244872871661761     
   2.7987987987987988       -1.0166019055489588     
   2.8048048048048049       -1.0087737116330431     
   2.8108108108108110       -1.0010023502228818     
   2.8168168168168166      -0.99328746725536621     
   2.8228228228228227      -0.98562870981882111     
   2.8288288288288288      -0.97802572617138883     
   2.8348348348348349      -0.97047816575882029     
   2.8408408408408410      -0.96298567923167799     
   2.8468468468468466      -0.95554791846197040     
   2.8528528528528527      -0.94816453655922017     
   2.8588588588588588      -0.94083518788599141     
   2.8648648648648649      -0.93355952807287179     
   2.8708708708708710      -0.92633721403292935     
   2.8768768768768767      -0.91916790397565495     
   2.8828828828828827      -0.91205125742039495     
   2.8888888888888888      -0.90498693520929552     
   2.8948948948948949      -0.89797459951975511     
   2.9009009009009010      -0.89101391387640583     
   2.9069069069069067      -0.88410454316262854     
   2.9129129129129128      -0.87724615363161085     
   2.9189189189189189      -0.87043841291696589     
   2.9249249249249250      -0.86368099004290644     
   2.9309309309309310      -0.85697355543399756     
   2.9369369369369367      -0.85031578092448745     
   2.9429429429429428      -0.84370733976723045     
   2.9489489489489489      -0.83714790664221184     
   2.9549549549549550      -0.83063715766467650     
   2.9609609609609611      -0.82417477039287468     
   2.9669669669669672      -0.81776042383543601     
   2.9729729729729728      -0.81139379845836990     
   2.9789789789789789      -0.80507457619171197     
   2.9849849849849850      -0.79880244043581716     
   2.9909909909909911      -0.79257707606730821     
   2.9969969969969972      -0.78639816944468555     
   3.0030030030030028      -0.78026540841361502     
   3.0090090090090089      -0.77417848231188524     
   3.0150150150150150      -0.76813708197405650     
   3.0210210210210211      -0.76214089973579968     
   3.0270270270270272      -0.75618962943793200     
   3.0330330330330328      -0.75028296643016457     
   3.0390390390390389      -0.74442060757455430     
   3.0450450450450450      -0.73860225124868406     
   3.0510510510510511      -0.73282759734855796     
   3.0570570570570572      -0.72709634729123773     
   3.0630630630630629      -0.72140820401721062     
   3.0690690690690690      -0.71576287199250022     
   3.0750750750750750      -0.71016005721053488     
   3.0810810810810811      -0.70459946719376032     
   3.0870870870870872      -0.69908081099502395     
   3.0930930930930929      -0.69360379919871540     
   3.0990990990990990      -0.68816814392168846     
   3.1051051051051051      -0.68277355881395696     
   3.1111111111111112      -0.67741975905916918     
   3.1171171171171173      -0.67210646137487906     
   3.1231231231231229      -0.66683338401260017     
   3.1291291291291290      -0.66160024675766660     
   3.1351351351351351      -0.65640677092889299     
   3.1411411411411412      -0.65125267937803943     
   3.1471471471471473      -0.64613769648909547     
   3.1531531531531529      -0.64106154817737304     
   3.1591591591591590      -0.63602396188842802     
   3.1651651651651651      -0.63102466659680567     
   3.1711711711711712      -0.62606339280461121     
   3.1771771771771773      -0.62113987253992586     
   3.1831831831831829      -0.61625383935504863     
   3.1891891891891890      -0.61140502832459165     
   3.1951951951951951      -0.60659317604341911     
   3.2012012012012012      -0.60181802062443179     
   3.2072072072072073      -0.59707930169621781     
   3.2132132132132134      -0.59237676040054843     
   3.2192192192192191      -0.58771013938974859     
   3.2252252252252251      -0.58307918282392457     
   3.2312312312312312      -0.57848363636806444     
   3.2372372372372373      -0.57392324718901555     
   3.2432432432432434      -0.56939776395232955     
   3.2492492492492491      -0.56490693681899773     
   3.2552552552552552      -0.56045051744206043     
   3.2612612612612613      -0.55602825896310859     
   3.2672672672672673      -0.55163991600867590     
   3.2732732732732734      -0.54728524468651729     
   3.2792792792792791      -0.54296400258179178     
   3.2852852852852852      -0.53867594875313729     
   3.2912912912912913      -0.53442084372864973     
   3.2972972972972974      -0.53019844950177109     
   3.3033033033033035      -0.52600852952707655     
   3.3093093093093091      -0.52185084871598109     
   3.3153153153153152      -0.51772517343235114     
   3.3213213213213213      -0.51363127148803811     
   3.3273273273273274      -0.50956891213832867     
   3.3333333333333335      -0.50553786607731244     
   3.3393393393393391      -0.50153790543317978     
   3.3453453453453452      -0.49756880376343793     
   3.3513513513513513      -0.49363033605006201     
   3.3573573573573574      -0.48972227869457441     
   3.3633633633633635      -0.48584440951305419     
   3.3693693693693691      -0.48199650773108826     
   3.3753753753753752      -0.47817835397865216     
   3.3813813813813813      -0.47438973028493719     
   3.3873873873873874      -0.47063042007311784     
   3.3933933933933935      -0.46690020815505856     
   3.3993993993993992      -0.46319888072597420     
   3.4054054054054053      -0.45952622535902998     
   3.4114114114114114      -0.45588203099989877     
   3.4174174174174174      -0.45226608796126699     
   3.4234234234234235      -0.44867818791729130     
   3.4294294294294292      -0.44511812389801864     
   3.4354354354354353      -0.44158569028375344     
   3.4414414414414414      -0.43808068279939294     
   3.4474474474474475      -0.43460289850872003     
   3.4534534534534536      -0.43115213580865458     
   3.4594594594594597      -0.42772819442347809     
   3.4654654654654653      -0.42433087539901365     
   3.4714714714714714      -0.42095998109678140     
   3.4774774774774775      -0.41761531518812017     
   3.4834834834834836      -0.41429668264827668     
   3.4894894894894897      -0.41100388975047292     
   3.4954954954954953      -0.40773674405994065     
   3.5015015015015014      -0.40449505442793371     
   3.5075075075075075      -0.40127863098571925     
   3.5135135135135136      -0.39808728513853875     
   3.5195195195195197      -0.39492082955955721     
   3.5255255255255253      -0.39177907818378549     
   3.5315315315315314      -0.38866184620198635     
   3.5375375375375375      -0.38556895005456732     
   3.5435435435435436      -0.38250020742544810     
   3.5495495495495497      -0.37945543723592390     
   3.5555555555555554      -0.37643445963850702     
   3.5615615615615615      -0.37343709601075858     
   3.5675675675675675      -0.37046316894911124     
   3.5735735735735736      -0.36751250226267657     
   3.5795795795795797      -0.36458492096704798     
   3.5855855855855854      -0.36168025127809134     
   3.5915915915915915      -0.35879832060573047     
   3.5975975975975976      -0.35593895754772764     
   3.6036036036036037      -0.35310199188345420     
   3.6096096096096097      -0.35028725456766263     
   3.6156156156156154      -0.34749457772425002     
   3.6216216216216215      -0.34472379464002145     
   3.6276276276276276      -0.34197473975845316     
   3.6336336336336337      -0.33924724867345041     
   3.6396396396396398      -0.33654115812311103     
   3.6456456456456454      -0.33385630598348359     
   3.6516516516516515      -0.33119253126233278     
   3.6576576576576576      -0.32854967409290442     
   3.6636636636636637      -0.32592757572769288     
   3.6696696696696698      -0.32332607853221529     
   3.6756756756756754      -0.32074502597878635     
   3.6816816816816815      -0.31818426264030242     
   3.6876876876876876      -0.31564363418402991     
   3.6936936936936937      -0.31312298736539884     
   3.6996996996996998      -0.31062217002180709     
   3.7057057057057055      -0.30814103106642865     
   3.7117117117117115      -0.30567942048203373     
   3.7177177177177176      -0.30323718931481730     
   3.7237237237237237      -0.30081418966823509     
   3.7297297297297298      -0.29841027469685377     
   3.7357357357357359      -0.29602529860020738     
   3.7417417417417416      -0.29365911661667082     
   3.7477477477477477      -0.29131158501733972     
   3.7537537537537538      -0.28898256109992565     
   3.7597597597597598      -0.28667190318266578     
   3.7657657657657659      -0.28437947059824109     
   3.7717717717717716      -0.28210512368771440     
   3.7777777777777777      -0.27984872379447773     
   3.7837837837837838      -0.27761013325821698     
   3.7897897897897899      -0.27538921540889350     
   3.7957957957957960      -0.27318583456073570     
   3.8018018018018016      -0.27099985600625404     
   3.8078078078078077      -0.26883114601026625     
   3.8138138138138138      -0.26667957180394236     
   3.8198198198198199      -0.26454500157886812     
   3.8258258258258260      -0.26242730448112217     
   3.8318318318318316      -0.26032635060537546     
   3.8378378378378377      -0.25824201098900540     
   3.8438438438438438      -0.25617415760623014     
   3.8498498498498499      -0.25412266336226341     
   3.8558558558558560      -0.25208740208748470     
   3.8618618618618616      -0.25006824853163301     
   3.8678678678678677      -0.24806507835801750     
   3.8738738738738738      -0.24607776813774901     
   3.8798798798798799      -0.24410619534399430     
   3.8858858858858860      -0.24215023834624616     
   3.8918918918918917      -0.24020977640461968     
   3.8978978978978978      -0.23828468966416497     
   3.9039039039039038      -0.23637485914920445     
   3.9099099099099099      -0.23448016675769104     
   3.9159159159159160      -0.23260049525558646     
   3.9219219219219217      -0.23073572827126429     
   3.9279279279279278      -0.22888575028993224     
   3.9339339339339339      -0.22705044664807941     
   3.9399399399399400      -0.22522970352794525     
   3.9459459459459461      -0.22342340795200988     
   3.9519519519519517      -0.22163144777751032     
   3.9579579579579578      -0.21985371169097631     
   3.9639639639639639      -0.21809008920279233     
   3.9699699699699700      -0.21634047064178197     
   3.9759759759759761      -0.21460474714981473     
   3.9819819819819822      -0.21288281067643894     
   3.9879879879879878      -0.21117455397353566     
   3.9939939939939939      -0.20947987058999887     
   4.0000000000000000      -0.20779865486643923     
   4.0060060060060056      -0.20613080192991029     
   4.0120120120120122      -0.20447620768866126     
   4.0180180180180178      -0.20283476882691362     
   4.0240240240240244      -0.20120638279966011     
   4.0300300300300300      -0.19959094782749262     
   4.0360360360360357      -0.19798836289144930     
   4.0420420420420422      -0.19639852772789082     
   4.0480480480480479      -0.19482134282340025     
   4.0540540540540544      -0.19325670940970557     
   4.0600600600600600      -0.19170452945863131     
   4.0660660660660657      -0.19016470567707061     
   4.0720720720720722      -0.18863714150198543     
   4.0780780780780779      -0.18712174109543217     
   4.0840840840840844      -0.18561840933960874     
   4.0900900900900901      -0.18412705183193220     
   4.0960960960960957      -0.18264757488013619     
   4.1021021021021022      -0.18117988549739739     
   4.1081081081081079      -0.17972389139748687     
   4.1141141141141144      -0.17827950098994391     
   4.1201201201201201      -0.17684662337527951     
   4.1261261261261257      -0.17542516834020080     
   4.1321321321321323      -0.17401504635286405     
   4.1381381381381379      -0.17261616855815257     
   4.1441441441441444      -0.17122844677297747     
   4.1501501501501501      -0.16985179348160795     
   4.1561561561561557      -0.16848612183102271     
   4.1621621621621623      -0.16713134562628962     
   4.1681681681681679      -0.16578737932597074     
   4.1741741741741745      -0.16445413803754971     
   4.1801801801801801      -0.16313153751288900     
   4.1861861861861858      -0.16181949414370808     
   4.1921921921921923      -0.16051792495708975     
   4.1981981981981980      -0.15922674761101166     
   4.2042042042042045      -0.15794588038990054     
   4.2102102102102101      -0.15667524220021556     
   4.2162162162162158      -0.15541475256605289     
   4.2222222222222223      -0.15416433162477811     
   4.2282282282282280      -0.15292390012268381     
   4.2342342342342345      -0.15169337941066960     
   4.2402402402402402      -0.15047269143995110     
   4.2462462462462458      -0.14926175875778996     
   4.2522522522522523      -0.14806050450325156     
   4.2582582582582580      -0.14686885240298767     
   4.2642642642642645      -0.14568672676704111     
   4.2702702702702702      -0.14451405248467952     
   4.2762762762762758      -0.14335075502024966     
   4.2822822822822824      -0.14219676040905918     
   4.2882882882882880      -0.14105199525328296     
   4.2942942942942945      -0.13991638671789161     
   4.3003003003003002      -0.13878986252660819     
   4.3063063063063058      -0.13767235095788563     
   4.3123123123123124      -0.13656378084091117     
   4.3183183183183180      -0.13546408155163489     
   4.3243243243243246      -0.13437318300882056     
   4.3303303303303302      -0.13329101567012319     
   4.3363363363363359      -0.13221751052818934     
   4.3423423423423424      -0.13115259910678101     
   4.3483483483483480      -0.13009621345692576     
   4.3543543543543546      -0.12904828615308747     
   4.3603603603603602      -0.12800875028936401     
   4.3663663663663668      -0.12697753947570681     
   4.3723723723723724      -0.12595458783416472     
   4.3783783783783781      -0.12493982999515160     
   4.3843843843843846      -0.12393320109373671     
   4.3903903903903903      -0.12293463676595980     
   4.3963963963963968      -0.12194407314516828     
   4.4024024024024024      -0.12096144685837862     
   4.4084084084084081      -0.11998669502265986     
   4.4144144144144146      -0.11901975524154169     
   4.4204204204204203      -0.11806056560144419     
   4.4264264264264268      -0.11710906466813126     
   4.4324324324324325      -0.11616519148318662     
   4.4384384384384381      -0.11522888556051232     
   4.4444444444444446      -0.11430008688285072     
   4.4504504504504503      -0.11337873589832810     
   4.4564564564564568      -0.11246477351702124     
   4.4624624624624625      -0.11155814110754635     
   4.4684684684684681      -0.11065878049366989     
   4.4744744744744747      -0.10976663395094240     
   4.4804804804804803      -0.10888164420335365     
   4.4864864864864868      -0.10800375442000971     
   4.4924924924924925      -0.10713290821183340     
   4.4984984984984981      -0.10626904962828386     
   4.5045045045045047      -0.10541212315410073     
   4.5105105105105103      -0.10456207370606813     
   4.5165165165165169      -0.10371884662980009     
   4.5225225225225225      -0.10288238769654925     
   4.5285285285285282      -0.10205264310003417     
   4.5345345345345347      -0.10122955945329015     
   4.5405405405405403      -0.10041308378554009     
   4.5465465465465469       -9.9603163539086131E-002
   4.5525525525525525       -9.8799746566223604E-002
   4.5585585585585582       -9.8002781126173638E-002
   4.5645645645645647       -9.7212215882038655E-002
   4.5705705705705704       -9.6427999897777117E-002
   4.5765765765765769       -9.5650082635198877E-002
   4.5825825825825826       -9.4878413950982191E-002
   4.5885885885885882       -9.4112944093708933E-002
   4.5945945945945947       -9.3353623700921734E-002
   4.6006006006006004       -9.2600403796201200E-002
   4.6066066066066069       -9.1853235786261409E-002
   4.6126126126126126       -9.1112071458067823E-002
   4.6186186186186182       -9.0376862975972472E-002
   4.6246246246246248       -8.9647562878870782E-002
   4.6306306306306304       -8.8924124077377348E-002
   4.6366366366366369       -8.8206499851020373E-002
   4.6426426426426426       -8.7494643845457243E-002
   4.6486486486486482       -8.6788510069707295E-002
   4.6546546546546548       -8.6088052893405459E-002
   4.6606606606606604       -8.5393227044074621E-002
   4.6666666666666670       -8.4703987604415734E-002
   4.6726726726726726       -8.4020290009618970E-002
   4.6786786786786783       -8.3342090044691286E-002
   4.6846846846846848       -8.2669343841804341E-002
   4.6906906906906904       -8.2002007877660821E-002
   4.6966966966966970       -8.1340038970877770E-002
   4.7027027027027026       -8.0683394279390572E-002
   4.7087087087087083       -8.0032031297872869E-002
   4.7147147147147148       -7.9385907855176130E-002
   4.7207207207207205       -7.8744982111787307E-002
   4.7267267267267270       -7.8109212557302923E-002
   4.7327327327327327       -7.7478558007923248E-002
   4.7387387387387383       -7.6852977603961911E-002
   4.7447447447447448       -7.6232430807374782E-002
   4.7507507507507505       -7.5616877399306170E-002
   4.7567567567567570       -7.5006277477651248E-002
   4.7627627627627627       -7.4400591454637718E-002
   4.7687687687687683       -7.3799780054422809E-002
   4.7747747747747749       -7.3203804310708623E-002
   4.7807807807807805       -7.2612625564374561E-002
   4.7867867867867870       -7.2026205461125425E-002
   4.7927927927927927       -7.1444505949158132E-002
   4.7987987987987983       -7.0867489276843373E-002
   4.8048048048048049       -7.0295117990425163E-002
   4.8108108108108105       -6.9727354931736804E-002
   4.8168168168168171       -6.9164163235932094E-002
   4.8228228228228227       -6.8605506329234761E-002
   4.8288288288288284       -6.8051347926702171E-002
   4.8348348348348349       -6.7501652030006548E-002
   4.8408408408408405       -6.6956382925232039E-002
   4.8468468468468471       -6.6415505180686576E-002
   4.8528528528528527       -6.5878983644731465E-002
   4.8588588588588584       -6.5346783443624781E-002
   4.8648648648648649       -6.4818869979381633E-002
   4.8708708708708706       -6.4295208927649977E-002
   4.8768768768768771       -6.3775766235600773E-002
   4.8828828828828827       -6.3260508119835065E-002
   4.8888888888888893       -6.2749401064304655E-002
   4.8948948948948949       -6.2242411818249410E-002
   4.9009009009009006       -6.1739507394148713E-002
   4.9069069069069071       -6.1240655065687995E-002
   4.9129129129129128       -6.0745822365740582E-002
   4.9189189189189193       -6.0254977084363837E-002
   4.9249249249249250       -5.9768087266810176E-002
   4.9309309309309306       -5.9285121211552723E-002
   4.9369369369369371       -5.8806047468325164E-002
   4.9429429429429428       -5.8330834836176577E-002
   4.9489489489489493       -5.7859452361539936E-002
   4.9549549549549550       -5.7391869336315238E-002
   4.9609609609609606       -5.6928055295966604E-002
   4.9669669669669672       -5.6467980017633292E-002
   4.9729729729729728       -5.6011613518255010E-002
   4.9789789789789793       -5.5558926052710754E-002
   4.9849849849849850       -5.5109888111971504E-002
   4.9909909909909906       -5.4664470421266459E-002
   4.9969969969969972       -5.4222643938263218E-002
   5.0030030030030028       -5.3784379851261083E-002
   5.0090090090090094       -5.3349649577397858E-002
   5.0150150150150150       -5.2918424760870081E-002
   5.0210210210210207       -5.2490677271166214E-002
   5.0270270270270272       -5.2066379201313358E-002
   5.0330330330330328       -5.1645502866136679E-002
   5.0390390390390394       -5.1228020800531925E-002
   5.0450450450450450       -5.0813905757750862E-002
   5.0510510510510507       -5.0403130707699237E-002
   5.0570570570570572       -4.9995668835247940E-002
   5.0630630630630629       -4.9591493538556367E-002
   5.0690690690690694       -4.9190578427408205E-002
   5.0750750750750750       -4.8792897321560467E-002
   5.0810810810810807       -4.8398424249103615E-002
   5.0870870870870872       -4.8007133444835190E-002
   5.0930930930930929       -4.7618999348644962E-002
   5.0990990990990994       -4.7233996603912136E-002
   5.1051051051051051       -4.6852100055915245E-002
   5.1111111111111107       -4.6473284750253037E-002
   5.1171171171171173       -4.6097525931278117E-002
   5.1231231231231229       -4.5724799040541851E-002
   5.1291291291291294       -4.5355079715250962E-002
   5.1351351351351351       -4.4988343786736315E-002
   5.1411411411411407       -4.4624567278932367E-002
   5.1471471471471473       -4.4263726406868861E-002
   5.1531531531531529       -4.3905797575173516E-002
   5.1591591591591595       -4.3550757376585945E-002
   5.1651651651651651       -4.3198582590483356E-002
   5.1711711711711708       -4.2849250181416526E-002
   5.1771771771771773       -4.2502737297657543E-002
   5.1831831831831829       -4.2159021269758588E-002
   5.1891891891891895       -4.1818079609120817E-002
   5.1951951951951951       -4.1479890006575267E-002
   5.2012012012012008       -4.1144430330973369E-002
   5.2072072072072073       -4.0811678627788950E-002
   5.2132132132132130       -4.0481613117730783E-002
   5.2192192192192195       -4.0154212195365004E-002
   5.2252252252252251       -3.9829454427749052E-002
   5.2312312312312308       -3.9507318553074940E-002
   5.2372372372372373       -3.9187783479323564E-002
   5.2432432432432430       -3.8870828282929253E-002
   5.2492492492492495       -3.8556432207453792E-002
   5.2552552552552552       -3.8244574662271581E-002
   5.2612612612612608       -3.7935235221263831E-002
   5.2672672672672673       -3.7628393621523398E-002
   5.2732732732732730       -3.7324029762069416E-002
   5.2792792792792795       -3.7022123702571241E-002
   5.2852852852852852       -3.6722655662082986E-002
   5.2912912912912908       -3.6425606017786862E-002
   5.2972972972972974       -3.6130955303746735E-002
   5.3033033033033030       -3.5838684209671179E-002
   5.3093093093093096       -3.5548773579685486E-002
   5.3153153153153152       -3.5261204411113925E-002
   5.3213213213213209       -3.4975957853270415E-002
   5.3273273273273274       -3.4693015206259149E-002
   5.3333333333333330       -3.4412357919784364E-002
   5.3393393393393396       -3.4133967591968663E-002
   5.3453453453453452       -3.3857825968181342E-002
   5.3513513513513509       -3.3583914939874740E-002
   5.3573573573573574       -3.3312216543430251E-002
   5.3633633633633631       -3.3042712959013107E-002
   5.3693693693693696       -3.2775386509435435E-002
   5.3753753753753752       -3.2510219659028949E-002
   5.3813813813813809       -3.2247195012525424E-002
   5.3873873873873874       -3.1986295313946402E-002
   5.3933933933933931       -3.1727503445501432E-002
   5.3993993993993996       -3.1470802426494249E-002
   5.4054054054054053       -3.1216175412238263E-002
   5.4114114114114118       -3.0963605692979505E-002
   5.4174174174174174       -3.0713076692828623E-002
   5.4234234234234231       -3.0464571968700768E-002
   5.4294294294294296       -3.0218075209263607E-002
   5.4354354354354353       -2.9973570233893902E-002
   5.4414414414414418       -2.9731040991641491E-002
   5.4474474474474475       -2.9490471560201945E-002
   5.4534534534534531       -2.9251846144896784E-002
   5.4594594594594597       -2.9015149077661596E-002
   5.4654654654654653       -2.8780364816042386E-002
   5.4714714714714718       -2.8547477942199022E-002
   5.4774774774774775       -2.8316473161917100E-002
   5.4834834834834831       -2.8087335303627073E-002
   5.4894894894894897       -2.7860049317430996E-002
   5.4954954954954953       -2.7634600274137076E-002
   5.5015015015015019       -2.7410973364301452E-002
   5.5075075075075075       -2.7189153897277558E-002
   5.5135135135135132       -2.6969127300272844E-002
   5.5195195195195197       -2.6750879117412758E-002
   5.5255255255255253       -2.6534395008812196E-002
   5.5315315315315319       -2.6319660749653952E-002
   5.5375375375375375       -2.6106662229274467E-002
   5.5435435435435432       -2.5895385450256717E-002
   5.5495495495495497       -2.5685816527529964E-002
   5.5555555555555554       -2.5477941687476857E-002
   5.5615615615615619       -2.5271747267047187E-002
   5.5675675675675675       -2.5067219712878713E-002
   5.5735735735735732       -2.4864345580424711E-002
   5.5795795795795797       -2.4663111533088544E-002
   5.5855855855855854       -2.4463504341364756E-002
   5.5915915915915919       -2.4265510881987005E-002
   5.5975975975975976       -2.4069118137082606E-002
   5.6036036036036032       -2.3874313193333621E-002
   5.6096096096096097       -2.3681083241144669E-002
   5.6156156156156154       -2.3489415573817059E-002
   5.6216216216216219       -2.3299297586729478E-002
   5.6276276276276276       -2.3110716776525063E-002
   5.6336336336336332       -2.2923660740304757E-002
   5.6396396396396398       -2.2738117174827176E-002
   5.6456456456456454       -2.2554073875714540E-002
   5.6516516516516520       -2.2371518736664812E-002
   5.6576576576576576       -2.2190439748670309E-002
   5.6636636636636633       -2.2010824999241931E-002
   5.6696696696696698       -2.1832662671639944E-002
   5.6756756756756754       -2.1655941044110578E-002
   5.6816816816816820       -2.1480648489128475E-002
   5.6876876876876876       -2.1306773472645500E-002
   5.6936936936936933       -2.1134304553344880E-002
   5.6996996996996998       -2.0963230381901704E-002
   5.7057057057057055       -2.0793539700248949E-002
   5.7117117117117120       -2.0625221340849254E-002
   5.7177177177177176       -2.0458264225972692E-002
   5.7237237237237233       -2.0292657366979772E-002
   5.7297297297297298       -2.0128389863610489E-002
   5.7357357357357355       -1.9965450903278767E-002
   5.7417417417417420       -1.9803829760372350E-002
   5.7477477477477477       -1.9643515795558550E-002
   5.7537537537537533       -1.9484498455094989E-002
   5.7597597597597598       -1.9326767270146091E-002
   5.7657657657657655       -1.9170311856104988E-002
   5.7717717717717720       -1.9015121911920382E-002
   5.7777777777777777       -1.8861187219429244E-002
   5.7837837837837833       -1.8708497642694239E-002
   5.7897897897897899       -1.8557043127346719E-002
   5.7957957957957955       -1.8406813699934906E-002
   5.8018018018018020       -1.8257799467276847E-002
   5.8078078078078077       -1.8109990615818989E-002
   5.8138138138138133       -1.7963377410999303E-002
   5.8198198198198199       -1.7817950196615785E-002
   5.8258258258258255       -1.7673699394199893E-002
   5.8318318318318321       -1.7530615502394653E-002
   5.8378378378378377       -1.7388689096338110E-002
   5.8438438438438434       -1.7247910827051207E-002
   5.8498498498498499       -1.7108271420830785E-002
   5.8558558558558556       -1.6969761678647385E-002
   5.8618618618618621       -1.6832372475547488E-002
   5.8678678678678677       -1.6696094760060978E-002
   5.8738738738738734       -1.6560919553612757E-002
   5.8798798798798799       -1.6426837949939380E-002
   5.8858858858858856       -1.6293841114510276E-002
   5.8918918918918921       -1.6161920283953239E-002
   5.8978978978978978       -1.6031066765484908E-002
   5.9039039039039043       -1.5901271936345308E-002
   5.9099099099099099       -1.5772527243237289E-002
   5.9159159159159156       -1.5644824201770005E-002
   5.9219219219219221       -1.5518154395907062E-002
   5.9279279279279278       -1.5392509477419040E-002
   5.9339339339339343       -1.5267881165340075E-002
   5.9399399399399400       -1.5144261245429148E-002
   5.9459459459459456       -1.5021641569635241E-002
   5.9519519519519521       -1.4900014055566997E-002
   5.9579579579579578       -1.4779370685966584E-002
   5.9639639639639643       -1.4659703508187466E-002
   5.9699699699699700       -1.4541004633676691E-002
   5.9759759759759756       -1.4423266237460921E-002
   5.9819819819819822       -1.4306480557636772E-002
   5.9879879879879878       -1.4190639894865202E-002
   5.9939939939939944       -1.4075736611869680E-002
   6.0000000000000000       -1.3961763132938622E-002
