 X =   0.50000000000000000      Y =   0.25000000000000000      Npts =        1000
   0.0000000000000000        1.4566727700017572     
   6.0060060060060060E-003   1.2552880957505368     
   1.2012012012012012E-002   1.0577524637810845     
   1.8018018018018018E-002  0.86400735179517796     
   2.4024024024024024E-002  0.67399505905708057     
   3.0030030030030030E-002  0.48765869524913108     
   3.6036036036036036E-002  0.30494216947607977     
   4.2042042042042038E-002  0.12579017941620266     
   4.8048048048048048E-002  -4.9851799382706549E-002
   5.4054054054054057E-002 -0.22203752406440169     
   6.0060060060060060E-002 -0.39081999488422831     
   6.6066066066066062E-002 -0.55625146548996351     
   7.2072072072072071E-002 -0.71838345306537088     
   7.8078078078078081E-002 -0.87726674833817231     
   8.4084084084084076E-002  -1.0329514254543863     
   9.0090090090090086E-002  -1.1854868517206689     
   9.6096096096096095E-002  -1.3349216972164726     
  0.10210210210210210       -1.4813039442777416     
  0.10810810810810811       -1.6246808968538398     
  0.11411411411411411       -1.7650991897393777     
  0.12012012012012012       -1.9026047976826517     
  0.12612612612612611       -2.0372430443722260     
  0.13213213213213212       -2.1690586113034005     
  0.13813813813813813       -2.2980955465260497     
  0.14414414414414414       -2.4243972732754941     
  0.15015015015015015       -2.5480065984878464     
  0.15615615615615616       -2.6689657212015043     
  0.16216216216216217       -2.7873162408461560     
  0.16816816816816815       -2.9030991654209108     
  0.17417417417417416       -3.0163549195629380     
  0.18018018018018017       -3.1271233525081210     
  0.18618618618618618       -3.2354437459451235     
  0.19219219219219219       -3.3413548217643037     
  0.19819819819819820       -3.4448947497028746     
  0.20420420420420421       -3.5461011548876646     
  0.21021021021021022       -3.6450111252768540     
  0.21621621621621623       -3.7416612190020104     
  0.22222222222222221       -3.8360874716117848     
  0.22822822822822822       -3.9283254032185222     
  0.23423423423423423       -4.0184100255491142     
  0.24024024024024024       -4.1063758489013464     
  0.24624624624624625       -4.1922568890069849     
  0.25225225225225223       -4.2760866738028893     
  0.25825825825825827       -4.3578982501113011     
  0.26426426426426425       -4.4377241902305515     
  0.27027027027027029       -4.5155965984374067     
  0.27627627627627627       -4.5915471174021674     
  0.28228228228228230       -4.6656069345177018     
  0.28828828828828829       -4.7378067881435735     
  0.29429429429429427       -4.8081769737663747     
  0.30030030030030030       -4.8767473500773857     
  0.30630630630630629       -4.9435473449686347     
  0.31231231231231232       -5.0086059614484713     
  0.31831831831831831       -5.0719517834777248     
  0.32432432432432434       -5.1336129817274694     
  0.33033033033033032       -5.1936173192594595     
  0.33633633633633631       -5.2519921571302817     
  0.34234234234234234       -5.3087644599201838     
  0.34834834834834832       -5.3639608011876474     
  0.35435435435435436       -5.4176073688506197     
  0.36036036036036034       -5.4697299704954663     
  0.36636636636636638       -5.5203540386144878     
  0.37237237237237236       -5.5695046357731028     
  0.37837837837837840       -5.6172064597074609     
  0.38438438438438438       -5.6634838483535628     
  0.39039039039039036       -5.7083607848086997     
  0.39639639639639640       -5.7518609022261558     
  0.40240240240240238       -5.7940074886440289     
  0.40840840840840842       -5.8348234917491109     
  0.41441441441441440       -5.8743315235765960     
  0.42042042042042044       -5.9125538651465490     
  0.42642642642642642       -5.9495124710379512     
  0.43243243243243246       -5.9852289739011297     
  0.43843843843843844       -6.0197246889094256     
  0.44444444444444442       -6.0530206181508879     
  0.45045045045045046       -6.0851374549607993     
  0.45645645645645644       -6.1160955881958170     
  0.46246246246246248       -6.1459151064505049     
  0.46846846846846846       -6.1746158022170290     
  0.47447447447447449       -6.2022171759887774     
  0.48048048048048048       -6.2287384403086223     
  0.48648648648648646       -6.2541985237626099     
  0.49249249249249250       -6.2786160749197473     
  0.49849849849849848       -6.3020094662186681     
  0.50450450450450446       -6.3243967978018096     
  0.51051051051051055       -6.3457959012978762     
  0.51651651651651653       -6.3662243435532204     
  0.52252252252252251       -6.3856994303128527     
  0.52852852852852850       -6.4042382098517390     
  0.53453453453453448       -6.4218574765570473     
  0.54054054054054057       -6.4385737744620073     
  0.54654654654654655       -6.4544034007320148     
  0.55255255255255253       -6.4693624091036339     
  0.55855855855855852       -6.4834666132770975     
  0.56456456456456461       -6.4967315902629466     
  0.57057057057057059       -6.5091726836834418     
  0.57657657657657657       -6.5208050070292636     
  0.58258258258258255       -6.5316434468722333     
  0.58858858858858853       -6.5417026660345030     
  0.59459459459459463       -6.5509971067148776     
  0.60060060060060061       -6.5595409935728393     
  0.60660660660660659       -6.5673483367707917     
  0.61261261261261257       -6.5744329349751087     
  0.61861861861861867       -6.5808083783165685     
  0.62462462462462465       -6.5864880513106394     
  0.63063063063063063       -6.5914851357382291     
  0.63663663663663661       -6.5958126134873813     
  0.64264264264264259       -6.5994832693564494     
  0.64864864864864868       -6.6025096938192682     
  0.65465465465465467       -6.6049042857528226     
  0.66066066066066065       -6.6066792551279292     
  0.66666666666666663       -6.6078466256633854     
  0.67267267267267261       -6.6084182374441456     
  0.67867867867867870       -6.6084057495039117     
  0.68468468468468469       -6.6078206423727002     
  0.69069069069069067       -6.6066742205897944     
  0.69669669669669665       -6.6049776151825768     
  0.70270270270270274       -6.6027417861116717     
  0.70870870870870872       -6.5999775246828811     
  0.71471471471471471       -6.5966954559263238     
  0.72072072072072069       -6.5929060409432321     
  0.72672672672672667       -6.5886195792208433     
  0.73273273273273276       -6.5838462109158034     
  0.73873873873873874       -6.5785959191065073     
  0.74474474474474472       -6.5728785320147809     
  0.75075075075075071       -6.5667037251973372     
  0.75675675675675680       -6.5600810237073981     
  0.76276276276276278       -6.5530198042268539     
  0.76876876876876876       -6.5455292971694261     
  0.77477477477477474       -6.5376185887551275     
  0.78078078078078073       -6.5292966230564913     
  0.78678678678678682       -6.5205722040168812     
  0.79279279279279280       -6.5114539974413006     
  0.79879879879879878       -6.5019505329600360     
  0.80480480480480476       -6.4920702059655238     
  0.81081081081081086       -6.4818212795227828     
  0.81681681681681684       -6.4712118862537764     
  0.82282282282282282       -6.4602500301960406     
  0.82882882882882880       -6.4489435886359381     
  0.83483483483483478       -6.4373003139168699     
  0.84084084084084088       -6.4253278352227765     
  0.84684684684684686       -6.4130336603372617     
  0.85285285285285284       -6.4004251773786871     
  0.85885885885885882       -6.3875096565115070     
  0.86486486486486491       -6.3742942516342245     
  0.87087087087087089       -6.3607860020442404     
  0.87687687687687688       -6.3469918340799127     
  0.88288288288288286       -6.3329185627401490     
  0.88888888888888884       -6.3185728932818046     
  0.89489489489489493       -6.3039614227952141     
  0.90090090090090091       -6.2890906417581300     
  0.90690690690690690       -6.2739669355683576     
  0.91291291291291288       -6.2585965860553863     
  0.91891891891891886       -6.2429857729712870     
  0.92492492492492495       -6.2271405754611564     
  0.93093093093093093       -6.2110669735133897     
  0.93693693693693691       -6.1947708493900322     
  0.94294294294294290       -6.1782579890375082     
  0.94894894894894899       -6.1615340834779628     
  0.95495495495495497       -6.1446047301814959     
  0.96096096096096095       -6.1274754344195266     
  0.96696696696696693       -6.1101516105995621     
  0.97297297297297292       -6.0926385835816106     
  0.97897897897897901       -6.0749415899764712     
  0.98498498498498499       -6.0570657794261793     
  0.99099099099099097       -6.0390162158668117     
  0.99699699699699695       -6.0207978787739069     
   1.0030030030030030       -6.0024156643907238     
   1.0090090090090089       -5.9838743869395987     
   1.0150150150150150       -5.9651787798165730     
   1.0210210210210211       -5.9463334967695785     
   1.0270270270270270       -5.9273431130603509     
   1.0330330330330331       -5.9082121266103282     
   1.0390390390390389       -5.8889449591307175     
   1.0450450450450450       -5.8695459572369701     
   1.0510510510510511       -5.8500193935478579     
   1.0570570570570570       -5.8303694677693718     
   1.0630630630630631       -5.8106003077636226     
   1.0690690690690690       -5.7907159706029780     
   1.0750750750750750       -5.7707204436096173     
   1.0810810810810811       -5.7506176453806859     
   1.0870870870870870       -5.7304114267992867     
   1.0930930930930931       -5.7101055720314449     
   1.0990990990990992       -5.6897037995092852     
   1.1051051051051051       -5.6692097629005653     
   1.1111111111111112       -5.6486270520647848     
   1.1171171171171170       -5.6279591939960287     
   1.1231231231231231       -5.6072096537527276     
   1.1291291291291292       -5.5863818353745165     
   1.1351351351351351       -5.5654790827863723     
   1.1411411411411412       -5.5445046806901717     
   1.1471471471471471       -5.5234618554438866     
   1.1531531531531531       -5.5023537759285421     
   1.1591591591591592       -5.4811835544031213     
   1.1651651651651651       -5.4599542473475822     
   1.1711711711711712       -5.4386688562941314     
   1.1771771771771771       -5.4173303286469379     
   1.1831831831831832       -5.3959415584904153     
   1.1891891891891893       -5.3745053873862512     
   1.1951951951951951       -5.3530246051593222     
   1.2012012012012012       -5.3315019506726395     
   1.2072072072072071       -5.3099401125914998     
   1.2132132132132132       -5.2883417301369517     
   1.2192192192192193       -5.2667093938287559     
   1.2252252252252251       -5.2450456462179469     
   1.2312312312312312       -5.2233529826091782     
   1.2372372372372373       -5.2016338517729501     
   1.2432432432432432       -5.1798906566478742     
   1.2492492492492493       -5.1581257550331241     
   1.2552552552552552       -5.1363414602711739     
   1.2612612612612613       -5.1145400419209759     
   1.2672672672672673       -5.0927237264217169     
   1.2732732732732732       -5.0708946977472440     
   1.2792792792792793       -5.0490550980513342     
   1.2852852852852852       -5.0272070283038870     
   1.2912912912912913       -5.0053525489182018     
   1.2972972972972974       -4.9834936803694312     
   1.3033033033033032       -4.9616324038043418     
   1.3093093093093093       -4.9397706616425099     
   1.3153153153153152       -4.9179103581690509     
   1.3213213213213213       -4.8960533601190006     
   1.3273273273273274       -4.8742014972534866     
   1.3333333333333333       -4.8523565629277563     
   1.3393393393393394       -4.8305203146512170     
   1.3453453453453452       -4.8086944746395632     
   1.3513513513513513       -4.7868807303591225     
   1.3573573573573574       -4.7650807350635045     
   1.3633633633633633       -4.7432961083226886     
   1.3693693693693694       -4.7215284365445997     
   1.3753753753753755       -4.6997792734893498     
   1.3813813813813813       -4.6780501407761674     
   1.3873873873873874       -4.6563425283831696     
   1.3933933933933933       -4.6346578951400508     
   1.3993993993993994       -4.6129976692137857     
   1.4054054054054055       -4.5913632485874505     
   1.4114114114114114       -4.5697560015322427     
   1.4174174174174174       -4.5481772670728047     
   1.4234234234234233       -4.5266283554459399     
   1.4294294294294294       -4.5051105485528025     
   1.4354354354354355       -4.4836251004046614     
   1.4414414414414414       -4.4621732375623218     
   1.4474474474474475       -4.4407561595692799     
   1.4534534534534533       -4.4193750393787319     
   1.4594594594594594       -4.3980310237744566     
   1.4654654654654655       -4.3767252337857405     
   1.4714714714714714       -4.3554587650963423     
   1.4774774774774775       -4.3342326884476359     
   1.4834834834834836       -4.3130480500359933     
   1.4894894894894894       -4.2919058719044791     
   1.4954954954954955       -4.2708071523289419     
   1.5015015015015014       -4.2497528661985786     
   1.5075075075075075       -4.2287439653910512     
   1.5135135135135136       -4.2077813791422152     
   1.5195195195195195       -4.1868660144105601     
   1.5255255255255256       -4.1659987562364034     
   1.5315315315315314       -4.1451804680959343     
   1.5375375375375375       -4.1244119922501641     
   1.5435435435435436       -4.1036941500888622     
   1.5495495495495495       -4.0830277424695405     
   1.5555555555555556       -4.0624135500515495     
   1.5615615615615615       -4.0418523336253696     
   1.5675675675675675       -4.0213448344371407     
   1.5735735735735736       -4.0008917745085268     
   1.5795795795795795       -3.9804938569519375     
   1.5855855855855856       -3.9601517662812094     
   1.5915915915915915       -3.9398661687177907     
   1.5975975975975976       -3.9196377124924928     
   1.6036036036036037       -3.8994670281428672     
   1.6096096096096095       -3.8793547288062822     
   1.6156156156156156       -3.8593014105087344     
   1.6216216216216217       -3.8393076524494818     
   1.6276276276276276       -3.8193740172815263     
   1.6336336336336337       -3.7995010513880345     
   1.6396396396396395       -3.7796892851547237     
   1.6456456456456456       -3.7599392332382835     
   1.6516516516516517       -3.7402513948308935     
   1.6576576576576576       -3.7206262539208739     
   1.6636636636636637       -3.7010642795495357     
   1.6696696696696696       -3.6815659260642772     
   1.6756756756756757       -3.6621316333679794     
   1.6816816816816818       -3.6427618271647595     
   1.6876876876876876       -3.6234569192021127     
   1.6936936936936937       -3.6042173075095110     
   1.6996996996996996       -3.5850433766335121     
   1.7057057057057057       -3.5659354978693965     
   1.7117117117117118       -3.5468940294894145     
   1.7177177177177176       -3.5279193169676772     
   1.7237237237237237       -3.5090116932017272     
   1.7297297297297298       -3.4901714787308564     
   1.7357357357357357       -3.4713989819511935     
   1.7417417417417418       -3.4526944993276287     
   1.7477477477477477       -3.4340583156025919     
   1.7537537537537538       -3.4154907040017637     
   1.7597597597597598       -3.3969919264367254     
   1.7657657657657657       -3.3785622337046162     
   1.7717717717717718       -3.3602018656848256     
   1.7777777777777777       -3.3419110515327648     
   1.7837837837837838       -3.3236900098707700     
   1.7897897897897899       -3.3055389489761531     
   1.7957957957957957       -3.2874580669664644     
   1.8018018018018018       -3.2694475519819863     
   1.8078078078078077       -3.2515075823655128     
   1.8138138138138138       -3.2336383268394386     
   1.8198198198198199       -3.2158399446802095     
   1.8258258258258258       -3.1981125858901556     
   1.8318318318318318       -3.1804563913667532     
   1.8378378378378377       -3.1628714930693547     
   1.8438438438438438       -3.1453580141834050     
   1.8498498498498499       -3.1279160692822083     
   1.8558558558558558       -3.1105457644862469     
   1.8618618618618619       -3.0932471976201055     
   1.8678678678678680       -3.0760204583670361     
   1.8738738738738738       -3.0588656284211866     
   1.8798798798798799       -3.0417827816375262     
   1.8858858858858858       -3.0247719841795164     
   1.8918918918918919       -3.0078332946645299     
   1.8978978978978980       -2.9909667643070810     
   1.9039039039039038       -2.9741724370598721     
   1.9099099099099099       -2.9574503497527012     
   1.9159159159159158       -2.9408005322292627     
   1.9219219219219219       -2.9242230074818520     
   1.9279279279279280       -2.9077177917840320     
   1.9339339339339339       -2.8912848948212613     
   1.9399399399399400       -2.8749243198195353     
   1.9459459459459458       -2.8586360636720567     
   1.9519519519519519       -2.8424201170639596     
   1.9579579579579580       -2.8262764645951330     
   1.9639639639639639       -2.8102050849011446     
   1.9699699699699700       -2.7942059507723127     
   1.9759759759759759       -2.7782790292709456     
   1.9819819819819819       -2.7624242818467653     
   1.9879879879879880       -2.7466416644505611     
   1.9939939939939939       -2.7309311276460755     
   2.0000000000000000       -2.7152926167201628     
   2.0060060060060061       -2.6997260717912437     
   2.0120120120120122       -2.6842314279160666     
   2.0180180180180178       -2.6688086151948238     
   2.0240240240240239       -2.6534575588746128     
   2.0300300300300300       -2.6381781794513048     
   2.0360360360360361       -2.6229703927698091     
   2.0420420420420422       -2.6078341101227758     
   2.0480480480480479       -2.5927692383477536     
   2.0540540540540539       -2.5777756799228158     
   2.0600600600600600       -2.5628533330607031     
   2.0660660660660661       -2.5480020918014668     
   2.0720720720720722       -2.5332218461036646     
   2.0780780780780779       -2.5185124819341125     
   2.0840840840840840       -2.5038738813562209     
   2.0900900900900901       -2.4893059226169338     
   2.0960960960960962       -2.4748084802322885     
   2.1021021021021022       -2.4603814250716169     
   2.1081081081081079       -2.4460246244404136     
   2.1141141141141140       -2.4317379421618699     
   2.1201201201201201       -2.4175212386571285     
   2.1261261261261262       -2.4033743710242370     
   2.1321321321321323       -2.3892971931158486     
   2.1381381381381379       -2.3752895556156735     
   2.1441441441441440       -2.3613513061136970     
   2.1501501501501501       -2.3474822891802041     
   2.1561561561561562       -2.3336823464385907     
   2.1621621621621623       -2.3199513166370132     
   2.1681681681681679       -2.3062890357188741     
   2.1741741741741740       -2.2926953368921632     
   2.1801801801801801       -2.2791700506976822     
   2.1861861861861862       -2.2657130050761465     
   2.1921921921921923       -2.2523240254342052     
   2.1981981981981984       -2.2390029347093781     
   2.2042042042042040       -2.2257495534339315     
   2.2102102102102101       -2.2125636997977014     
   2.2162162162162162       -2.1994451897098992     
   2.2222222222222223       -2.1863938368598856     
   2.2282282282282284       -2.1734094527769505     
   2.2342342342342341       -2.1604918468891041     
   2.2402402402402402       -2.1476408265808904     
   2.2462462462462462       -2.1348561972502509     
   2.2522522522522523       -2.1221377623644324     
   2.2582582582582584       -2.1094853235149711     
   2.2642642642642641       -2.0968986804717562     
   2.2702702702702702       -2.0843776312361832     
   2.2762762762762763       -2.0719219720934294     
   2.2822822822822824       -2.0595314976638370     
   2.2882882882882885       -2.0472060009534374     
   2.2942942942942941       -2.0349452734036233     
   2.3003003003003002       -2.0227491049399737     
   2.3063063063063063       -2.0106172840202627     
   2.3123123123123124       -1.9985495976816361     
   2.3183183183183185       -1.9865458315869995     
   2.3243243243243241       -1.9746057700706041     
   2.3303303303303302       -1.9627291961828515     
   2.3363363363363363       -1.9509158917343390     
   2.3423423423423424       -1.9391656373391339     
   2.3483483483483485       -1.9274782124573107     
   2.3543543543543541       -1.9158533954367474     
   2.3603603603603602       -1.9042909635541967     
   2.3663663663663663       -1.8927906930556486     
   2.3723723723723724       -1.8813523591959811     
   2.3783783783783785       -1.8699757362779224     
   2.3843843843843842       -1.8586605976903292     
   2.3903903903903903       -1.8474067159457905     
   2.3963963963963963       -1.8362138627175706     
   2.4024024024024024       -1.8250818088758962     
   2.4084084084084085       -1.8140103245236043     
   2.4144144144144142       -1.8029991790311490     
   2.4204204204204203       -1.7920481410709888     
   2.4264264264264264       -1.7811569786513608     
   2.4324324324324325       -1.7703254591494424     
   2.4384384384384385       -1.7595533493439195     
   2.4444444444444446       -1.7488404154469670     
   2.4504504504504503       -1.7381864231356499     
   2.4564564564564564       -1.7275911375827471     
   2.4624624624624625       -1.7170543234870279     
   2.4684684684684686       -1.7065757451029577     
   2.4744744744744747       -1.6961551662698706     
   2.4804804804804803       -1.6857923504405996     
   2.4864864864864864       -1.6754870607095729     
   2.4924924924924925       -1.6652390598404043     
   2.4984984984984986       -1.6550481102929511     
   2.5045045045045047       -1.6449139742498795     
   2.5105105105105103       -1.6348364136427305     
   2.5165165165165164       -1.6248151901774857     
   2.5225225225225225       -1.6148500653596649     
   2.5285285285285286       -1.6049408005189354     
   2.5345345345345347       -1.5950871568332607     
   2.5405405405405403       -1.5852888953525825     
   2.5465465465465464       -1.5755457770220511     
   2.5525525525525525       -1.5658575627048095     
   2.5585585585585586       -1.5562240132043337     
   2.5645645645645647       -1.5466448892863411     
   2.5705705705705704       -1.5371199517002718     
   2.5765765765765765       -1.5276489612003461     
   2.5825825825825826       -1.5182316785662135     
   2.5885885885885886       -1.5088678646231877     
   2.5945945945945947       -1.4995572802620840     
   2.6006006006006004       -1.4902996864586597     
   2.6066066066066065       -1.4810948442926621     
   2.6126126126126126       -1.4719425149665015     
   2.6186186186186187       -1.4628424598235368     
   2.6246246246246248       -1.4537944403659955     
   2.6306306306306304       -1.4447982182725263     
   2.6366366366366365       -1.4358535554153899     
   2.6426426426426426       -1.4269602138772983     
   2.6486486486486487       -1.4181179559679034     
   2.6546546546546548       -1.4093265442399390     
   2.6606606606606604       -1.4005857415050305     
   2.6666666666666665       -1.3918953108491636     
   2.6726726726726726       -1.3832550156478354     
   2.6786786786786787       -1.3746646195808727     
   2.6846846846846848       -1.3661238866469365     
   2.6906906906906904       -1.3576325811777192     
   2.6966966966966965       -1.3491904678518229     
   2.7027027027027026       -1.3407973117083427     
   2.7087087087087087       -1.3324528781601541     
   2.7147147147147148       -1.3241569330068950     
   2.7207207207207209       -1.3159092424476757     
   2.7267267267267266       -1.3077095730934871     
   2.7327327327327327       -1.2995576919793423     
   2.7387387387387387       -1.2914533665761403     
   2.7447447447447448       -1.2833963648022502     
   2.7507507507507509       -1.2753864550348424     
   2.7567567567567566       -1.2674234061209455     
   2.7627627627627627       -1.2595069873882514     
   2.7687687687687688       -1.2516369686556685     
   2.7747747747747749       -1.2438131202436147     
   2.7807807807807809       -1.2360352129840795     
   2.7867867867867866       -1.2283030182304284     
   2.7927927927927927       -1.2206163078669789     
   2.7987987987987988       -1.2129748543183483     
   2.8048048048048049       -1.2053784305585480     
   2.8108108108108110       -1.1978268101198810     
   2.8168168168168166       -1.1903197671015919     
   2.8228228228228227       -1.1828570761783102     
   2.8288288288288288       -1.1754385126082791     
   2.8348348348348349       -1.1680638522413596     
   2.8408408408408410       -1.1607328715268426     
   2.8468468468468466       -1.1534453475210416     
   2.8528528528528527       -1.1462010578946893     
   2.8588588588588588       -1.1389997809401418     
   2.8648648648648649       -1.1318412955783710     
   2.8708708708708710       -1.1247253813657836     
   2.8768768768768767       -1.1176518185008377     
   2.8828828828828827       -1.1106203878304781     
   2.8888888888888888       -1.1036308708563947     
   2.8948948948948949       -1.0966830497410871     
   2.9009009009009010       -1.0897767073137707     
   2.9069069069069067       -1.0829116270760910     
   2.9129129129129128       -1.0760875932076801     
   2.9189189189189189       -1.0693043905715429     
   2.9249249249249250       -1.0625618047192702     
   2.9309309309309310       -1.0558596218961034     
   2.9369369369369367       -1.0491976290458240     
   2.9429429429429428       -1.0425756138154996     
   2.9489489489489489       -1.0359933645600694     
   2.9549549549549550       -1.0294506703467770     
   2.9609609609609611       -1.0229473209594599     
   2.9669669669669672       -1.0164831069026850     
   2.9729729729729728       -1.0100578194057497     
   2.9789789789789789       -1.0036712504265317     
   2.9849849849849850      -0.99732319265520442     
   2.9909909909909911      -0.99101343951782372     
   2.9969969969969972      -0.98474178517976052     
   3.0030030030030028      -0.97850802454902785     
   3.0090090090090089      -0.97231195327945152     
   3.0150150150150150      -0.96615336777373406     
   3.0210210210210211      -0.96003206518638695     
   3.0270270270270272      -0.95394784342653405     
   3.0330330330330328      -0.94790050116060531     
   3.0390390390390389      -0.94188983781490121     
   3.0450450450450450      -0.93591565357804851     
   3.0510510510510511      -0.92997774940334210     
   3.0570570570570572      -0.92407592701096453     
   3.0630630630630629      -0.91820998889011052     
   3.0690690690690690      -0.91237973830098873     
   3.0750750750750750      -0.90658497927672543     
   3.0810810810810811      -0.90082551662516586     
   3.0870870870870872      -0.89510115593056250     
   3.0930930930930929      -0.88941170355517618     
   3.0990990990990990      -0.88375696664076620     
   3.1051051051051051      -0.87813675310999151     
   3.1111111111111112      -0.87255087166771528     
   3.1171171171171173      -0.86699913180221222     
   3.1231231231231229      -0.86148134378628982     
   3.1291291291291290      -0.85599731867831330     
   3.1351351351351351      -0.85054686832314819     
   3.1411411411411412      -0.84512980535301463     
   3.1471471471471473      -0.83974594318825158     
   3.1531531531531529      -0.83439509603800721     
   3.1591591591591590      -0.82907707890083671     
   3.1651651651651651      -0.82379170756522813     
   3.1711711711711712      -0.81853879861004764     
   3.1771771771771773      -0.81331816940490187     
   3.1831831831831829      -0.80812963811043459     
   3.1891891891891890      -0.80297302367853862     
   3.1951951951951951      -0.79784814585250086     
   3.2012012012012012      -0.79275482516707962     
   3.2072072072072073      -0.78769288294849826     
   3.2132132132132134      -0.78266214131438794     
   3.2192192192192191      -0.77766242317364764     
   3.2252252252252251      -0.77269355222624692     
   3.2312312312312312      -0.76775535296296449     
   3.2372372372372373      -0.76284765066505456     
   3.2432432432432434      -0.75797027140386442     
   3.2492492492492491      -0.75312304204037817     
   3.2552552552552552      -0.74830579022470889     
   3.2612612612612613      -0.74351834439553277     
   3.2672672672672673      -0.73876053377945772     
   3.2732732732732734      -0.73403218839034867     
   3.2792792792792791      -0.72933313902858521     
   3.2852852852852852      -0.72466321728027394     
   3.2912912912912913      -0.72002225551640753     
   3.2972972972972974      -0.71541008689196639     
   3.3033033033033035      -0.71082654534497847     
   3.3093093093093091      -0.70627146559552156     
   3.3153153153153152      -0.70174468314468275     
   3.3213213213213213      -0.69724603427347076     
   3.3273273273273274      -0.69277535604167617     
   3.3333333333333335      -0.68833248628669563     
   3.3393393393393391      -0.68391726362230276     
   3.3453453453453452      -0.67952952743738082     
   3.3513513513513513      -0.67516911789461509     
   3.3573573573573574      -0.67083587592913685     
   3.3633633633633635      -0.66652964324713493     
   3.3693693693693691      -0.66225026232442130     
   3.3753753753753752      -0.65799757640496015     
   3.3813813813813813      -0.65377142949936595     
   3.3873873873873874      -0.64957166638334940     
   3.3933933933933935      -0.64539813259614598     
   3.3993993993993992      -0.64125067443889261     
   3.4054054054054053      -0.63712913897298129     
   3.4114114114114114      -0.63303337401837600     
   3.4174174174174174      -0.62896322815189365     
   3.4234234234234235      -0.62491855070545899     
   3.4294294294294292      -0.62089919176432229     
   3.4354354354354353      -0.61690500216525157     
   3.4414414414414414      -0.61293583349469438     
   3.4474474474474475      -0.60899153808690620     
   3.4534534534534536      -0.60507196902205929     
   3.4594594594594597      -0.60117698012431320     
   3.4654654654654653      -0.59730642595987093     
   3.4714714714714714      -0.59346016183499728     
   3.4774774774774775      -0.58963804379401974     
   3.4834834834834836      -0.58583992861730361     
   3.4894894894894897      -0.58206567381919816     
   3.4954954954954953      -0.57831513764596765     
   3.5015015015015014      -0.57458817907369064     
   3.5075075075075075      -0.57088465780614428     
   3.5135135135135136      -0.56720443427266554     
   3.5195195195195197      -0.56354736962598706     
   3.5255255255255253      -0.55991332574006059     
   3.5315315315315314      -0.55630216520785303     
   3.5375375375375375      -0.55271375133912792     
   3.5435435435435436      -0.54914794815820978     
   3.5495495495495497      -0.54560462040172353     
   3.5555555555555554      -0.54208363351632560     
   3.5615615615615615      -0.53858485365641007     
   3.5675675675675675      -0.53510814768180370     
   3.5735735735735736      -0.53165338315544430     
   3.5795795795795797      -0.52822042834104044     
   3.5855855855855854      -0.52480915220072200     
   3.5915915915915915      -0.52141942439267019     
   3.5975975975975976      -0.51805111526873782     
   3.6036036036036037      -0.51470409587205823     
   3.6096096096096097      -0.51137823793463288     
   3.6156156156156154      -0.50807341387491722     
   3.6216216216216215      -0.50478949679538565     
   3.6276276276276276      -0.50152636048009036     
   3.6336336336336337      -0.49828387939220836     
   3.6396396396396398      -0.49506192867157428     
   3.6456456456456454      -0.49186038413220856     
   3.6516516516516515      -0.48867912225983090     
   3.6576576576576576      -0.48551802020936607     
   3.6636636636636637      -0.48237695580244389     
   3.6696696696696698      -0.47925580752488312     
   3.6756756756756754      -0.47615445452417648     
   3.6816816816816815      -0.47307277660695901     
   3.6876876876876876      -0.47001065423647487     
   3.6936936936936937      -0.46696796853003608     
   3.6996996996996998      -0.46394460125647091     
   3.7057057057057055      -0.46094043483357217     
   3.7117117117117115      -0.45795535232553208     
   3.7177177177177176      -0.45498923744037745     
   3.7237237237237237      -0.45204197452739797     
   3.7297297297297298      -0.44911344857456620     
   3.7357357357357359      -0.44620354520595829     
   3.7417417417417416      -0.44331215067916518     
   3.7477477477477477      -0.44043915188270272     
   3.7537537537537538      -0.43758443633341909     
   3.7597597597597598      -0.43474789217389304     
   3.7657657657657659      -0.43192940816983716     
   3.7717717717717716      -0.42912887370749081     
   3.7777777777777777      -0.42634617879101361     
   3.7837837837837838      -0.42358121403988042     
   3.7897897897897899      -0.42083387068626404     
   3.7957957957957960      -0.41810404057242895     
   3.8018018018018016      -0.41539161614811154     
   3.8078078078078077      -0.41269649046790757     
   3.8138138138138138      -0.41001855718865582     
   3.8198198198198199      -0.40735771056681830     
   3.8258258258258260      -0.40471384545586503     
   3.8318318318318316      -0.40208685730365346     
   3.8378378378378377      -0.39947664214981127     
   3.8438438438438438      -0.39688309662311894     
   3.8498498498498499      -0.39430611793889009     
   3.8558558558558560      -0.39174560389635660     
   3.8618618618618616      -0.38920145287604996     
   3.8678678678678677      -0.38667356383718704     
   3.8738738738738738      -0.38416183631505713     
   3.8798798798798799      -0.38166617041840667     
   3.8858858858858860      -0.37918646682683116     
   3.8918918918918917      -0.37672262678816337     
   3.8978978978978978      -0.37427455211586746     
   3.9039039039039038      -0.37184214518643482     
   3.9099099099099099      -0.36942530893677927     
   3.9159159159159160      -0.36702394686163964     
   3.9219219219219217      -0.36463796301098028     
   3.9279279279279278      -0.36226726198739756     
   3.9339339339339339      -0.35991174894352973     
   3.9399399399399400      -0.35757132957946669     
   3.9459459459459461      -0.35524591014016760     
   3.9519519519519517      -0.35293539741287788     
   3.9579579579579578      -0.35063969872455292     
   3.9639639639639639      -0.34835872193928519     
   3.9699699699699700      -0.34609237545573290     
   3.9759759759759761      -0.34384056820455716     
   3.9819819819819822      -0.34160320964585833     
   3.9879879879879878      -0.33938020976662209     
   3.9939939939939939      -0.33717147907816530     
   4.0000000000000000      -0.33497692861358924     
   4.0060060060060056      -0.33279646992523876     
   4.0120120120120122      -0.33063001508216222     
   4.0180180180180178      -0.32847747666758143     
   4.0240240240240244      -0.32633876777636223     
   4.0300300300300300      -0.32421380201249472     
   4.0360360360360357      -0.32210249348657505     
   4.0420420420420422      -0.32000475681329515     
   4.0480480480480479      -0.31792050710893804     
   4.0540540540540544      -0.31584965998887693     
   4.0600600600600600      -0.31379213156508323     
   4.0660660660660657      -0.31174783844363713     
   4.0720720720720722      -0.30971669772224669     
   4.0780780780780779      -0.30769862698777334     
   4.0840840840840844      -0.30569354431376039     
   4.0900900900900901      -0.30370136825797245     
   4.0960960960960957      -0.30172201785993724     
   4.1021021021021022      -0.29975541263849614     
   4.1081081081081079      -0.29780147258936190     
   4.1141141141141144      -0.29586011818267954     
   4.1201201201201201      -0.29393127036059924     
   4.1261261261261257      -0.29201485053485099     
   4.1321321321321323      -0.29011078058432915     
   4.1381381381381379      -0.28821898285268449     
   4.1441441441441444      -0.28633938014591959     
   4.1501501501501501      -0.28447189572999643     
   4.1561561561561557      -0.28261645332844665     
   4.1621621621621623      -0.28077297711999166     
   4.1681681681681679      -0.27894139173617039     
   4.1741741741741745      -0.27712162225897125     
   4.1801801801801801      -0.27531359421847662     
   4.1861861861861858      -0.27351723359050933     
   4.1921921921921923      -0.27173246679429025     
   4.1981981981981980      -0.26995922069010442     
   4.2042042042042045      -0.26819742257696927     
   4.2102102102102101      -0.26644700019031864     
   4.2162162162162158      -0.26470788169968640     
   4.2222222222222223      -0.26297999570640385     
   4.2282282282282280      -0.26126327124130305     
   4.2342342342342345      -0.25955763776242652     
   4.2402402402402402      -0.25786302515274750     
   4.2462462462462458      -0.25617936371789618     
   4.2522522522522523      -0.25450658418389471     
   4.2582582582582580      -0.25284461769490146     
   4.2642642642642645      -0.25119339581096023     
   4.2702702702702702      -0.24955285050576181     
   4.2762762762762758      -0.24792291416440984     
   4.2822822822822824      -0.24630351958119692     
   4.2882882882882880      -0.24469459995738971     
   4.2942942942942945      -0.24309608889901935     
   4.3003003003003002      -0.24150792041468383     
   4.3063063063063058      -0.23993002891335549     
   4.3123123123123124      -0.23836234920219893     
   4.3183183183183180      -0.23680481648439666     
   4.3243243243243246      -0.23525736635698269     
   4.3303303303303302      -0.23371993480868594     
   4.3363363363363359      -0.23219245821777987     
   4.3423423423423424      -0.23067487334994238     
   4.3483483483483480      -0.22916711735612461     
   4.3543543543543546      -0.22766912777042542     
   4.3603603603603602      -0.22618084250797818     
   4.3663663663663668      -0.22470219986284259     
   4.3723723723723724      -0.22323313850590820     
   4.3783783783783781      -0.22177359748280351     
   4.3843843843843846      -0.22032351621181565     
   4.3903903903903903      -0.21888283448181900     
   4.3963963963963968      -0.21745149245020964     
   4.4024024024024024      -0.21602943064085231     
   4.4084084084084081      -0.21461658994203228     
   4.4144144144144146      -0.21321291160441824     
   4.4204204204204203      -0.21181833723903373     
   4.4264264264264268      -0.21043280881523513     
   4.4324324324324325      -0.20905626865870142     
   4.4384384384384381      -0.20768865944942946     
   4.4444444444444446      -0.20632992421974009     
   4.4504504504504503      -0.20498000635229274     
   4.4564564564564568      -0.20363884957810680     
   4.4624624624624625      -0.20230639797459452     
   4.4684684684684681      -0.20098259596359980     
   4.4744744744744747      -0.19966738830944741     
   4.4804804804804803      -0.19836072011700095     
   4.4864864864864868      -0.19706253682972757     
   4.4924924924924925      -0.19577278422777414     
   4.4984984984984981      -0.19449140842604926     
   4.5045045045045047      -0.19321835587231587     
   4.5105105105105103      -0.19195357334529251     
   4.5165165165165169      -0.19069700795276098     
   4.5225225225225225      -0.18944860712968614     
   4.5285285285285282      -0.18820831863634088     
   4.5345345345345347      -0.18697609055644190     
   4.5405405405405403      -0.18575187129529400     
   4.5465465465465469      -0.18453560957794127     
   4.5525525525525525      -0.18332725444732931     
   4.5585585585585582      -0.18212675526247374     
   4.5645645645645647      -0.18093406169663873     
   4.5705705705705704      -0.17974912373552415     
   4.5765765765765769      -0.17857189167545981     
   4.5825825825825826      -0.17740231612161045     
   4.5885885885885882      -0.17624034798618682     
   4.5945945945945947      -0.17508593848666718     
   4.6006006006006004      -0.17393903914402695     
   4.6066066066066069      -0.17279960178097564     
   4.6126126126126126      -0.17166757852020403     
   4.6186186186186182      -0.17054292178263827     
   4.6246246246246248      -0.16942558428570331     
   4.6306306306306304      -0.16831551904159489     
   4.6366366366366369      -0.16721267935555889     
   4.6426426426426426      -0.16611701882418062     
   4.6486486486486482      -0.16502849133368075     
   4.6546546546546548      -0.16394705105822102     
   4.6606606606606604      -0.16287265245821819     
   4.6666666666666670      -0.16180525027866477     
   4.6726726726726726      -0.16074479954746049     
   4.6786786786786783      -0.15969125557374975     
   4.6846846846846848      -0.15864457394626885     
   4.6906906906906904      -0.15760471053170147     
   4.6966966966966970      -0.15657162147304018     
   4.7027027027027026      -0.15554526318796080     
   4.7087087087087083      -0.15452559236719884     
   4.7147147147147148      -0.15351256597293939     
   4.7207207207207205      -0.15250614123721296     
   4.7267267267267270      -0.15150627566029845     
   4.7327327327327327      -0.15051292700913682     
   4.7387387387387383      -0.14952605331575014     
   4.7447447447447448      -0.14854561287567064     
   4.7507507507507505      -0.14757156424637727     
   4.7567567567567570      -0.14660386624573948     
   4.7627627627627627      -0.14564247795047053     
   4.7687687687687683      -0.14468735869458704     
   4.7747747747747749      -0.14373846806787774     
   4.7807807807807805      -0.14279576591438028     
   4.7867867867867870      -0.14185921233086440     
   4.7927927927927927      -0.14092876766532503     
   4.7987987987987983      -0.14000439251548141     
   4.8048048048048049      -0.13908604772728531     
   4.8108108108108105      -0.13817369439343688     
   4.8168168168168171      -0.13726729385190711     
   4.8228228228228227      -0.13636680768447018     
   4.8288288288288284      -0.13547219771524119     
   4.8348348348348349      -0.13458342600922327     
   4.8408408408408405      -0.13370045487086210     
   4.8468468468468471      -0.13282324684260710     
   4.8528528528528527      -0.13195176470348180     
   4.8588588588588584      -0.13108597146766018     
   4.8648648648648649      -0.13022583038305185     
   4.8708708708708706      -0.12937130492989454     
   4.8768768768768771      -0.12852235881935320     
   4.8828828828828827      -0.12767895599212817     
   4.8888888888888893      -0.12684106061706910     
   4.8948948948948949      -0.12600863708979795     
   4.9009009009009006      -0.12518165003133805     
   4.9069069069069071      -0.12436006428675130     
   4.9129129129129128      -0.12354384492378293     
   4.9189189189189193      -0.12273295723151262     
   4.9249249249249250      -0.12192736671901422     
   4.9309309309309306      -0.12112703911402144     
   4.9369369369369371      -0.12033194036160169     
   4.9429429429429428      -0.11954203662283740     
   4.9489489489489493      -0.11875729427351302     
   4.9549549549549550      -0.11797767990281131     
   4.9609609609609606      -0.11720316031201472     
   4.9669669669669672      -0.11643370251321537     
   4.9729729729729728      -0.11566927372803179     
   4.9789789789789793      -0.11490984138633172     
   4.9849849849849850      -0.11415537312496372     
   4.9909909909909906      -0.11340583678649407     
   4.9969969969969972      -0.11266120041795163     
   5.0030030030030028      -0.11192143226957968     
   5.0090090090090094      -0.11118650079359381     
   5.0150150150150150      -0.11045637464294802     
   5.0210210210210207      -0.10973102267010634     
   5.0270270270270272      -0.10901041392582198     
   5.0330330330330328      -0.10829451765792385     
   5.0390390390390394      -0.10758330331010822     
   5.0450450450450450      -0.10687674052073913     
   5.0510510510510507      -0.10617479912165367     
   5.0570570570570572      -0.10547744913697517     
   5.0630630630630629      -0.10478466078193295     
   5.0690690690690694      -0.10409640446168776     
   5.0750750750750750      -0.10341265077016538     
   5.0810810810810807      -0.10273337048889496     
   5.0870870870870872      -0.10205853458585551     
   5.0930930930930929      -0.10138811421432839     
   5.0990990990990994      -0.10072208071175513     
   5.1051051051051051      -0.10006040559860456     
   5.1111111111111107       -9.9403060577242547E-002
   5.1171171171171173       -9.8750017530811487E-002
   5.1231231231231229       -9.8101248522114631E-002
   5.1291291291291294       -9.7456725792506527E-002
   5.1351351351351351       -9.6816421760790736E-002
   5.1411411411411407       -9.6180309022122948E-002
   5.1471471471471473       -9.5548360346920838E-002
   5.1531531531531529       -9.4920548679780364E-002
   5.1591591591591595       -9.4296847138397394E-002
   5.1651651651651651       -9.3677229012496727E-002
   5.1711711711711708       -9.3061667762766059E-002
   5.1771771771771773       -9.2450137019796819E-002
   5.1831831831831829       -9.1842610583031184E-002
   5.1891891891891895       -9.1239062419714342E-002
   5.1951951951951951       -9.0639466663853904E-002
   5.2012012012012008       -9.0043797615184218E-002
   5.2072072072072073       -8.9452029738137401E-002
   5.2132132132132130       -8.8864137660820366E-002
   5.2192192192192195       -8.8280096173996944E-002
   5.2252252252252251       -8.7699880230077090E-002
   5.2312312312312308       -8.7123464942110762E-002
   5.2372372372372373       -8.6550825582788510E-002
   5.2432432432432430       -8.5981937583447673E-002
   5.2492492492492495       -8.5416776533083827E-002
   5.2552552552552552       -8.4855318177368966E-002
   5.2612612612612608       -8.4297538417674331E-002
   5.2672672672672673       -8.3743413310099699E-002
   5.2732732732732730       -8.3192919064508264E-002
   5.2792792792792795       -8.2646032043566547E-002
   5.2852852852852852       -8.2102728761790922E-002
   5.2912912912912908       -8.1562985884598649E-002
   5.2972972972972974       -8.1026780227365244E-002
   5.3033033033033030       -8.0494088754487325E-002
   5.3093093093093096       -7.9964888578450230E-002
   5.3153153153153152       -7.9439156958902302E-002
   5.3213213213213209       -7.8916871301733346E-002
   5.3273273273273274       -7.8398009158159476E-002
   5.3333333333333330       -7.7882548223813047E-002
   5.3393393393393396       -7.7370466337837659E-002
   5.3453453453453452       -7.6861741481989071E-002
   5.3513513513513509       -7.6356351779740844E-002
   5.3573573573573574       -7.5854275495395543E-002
   5.3633633633633631       -7.5355491033201619E-002
   5.3693693693693696       -7.4859976936474434E-002
   5.3753753753753752       -7.4367711886723822E-002
   5.3813813813813809       -7.3878674702785641E-002
   5.3873873873873874       -7.3392844339959254E-002
   5.3933933933933931       -7.2910199889150040E-002
   5.3993993993993996       -7.2430720576016461E-002
   5.4054054054054053       -7.1954385760122946E-002
   5.4114114114114118       -7.1481174934097225E-002
   5.4174174174174174       -7.1011067722793197E-002
   5.4234234234234231       -7.0544043882458204E-002
   5.4294294294294296       -7.0080083299905782E-002
   5.4354354354354353       -6.9619165991693308E-002
   5.4414414414414418       -6.9161272103304056E-002
   5.4474474474474475       -6.8706381908334946E-002
   5.4534534534534531       -6.8254475807688370E-002
   5.4594594594594597       -6.7805534328769332E-002
   5.4654654654654653       -6.7359538124687507E-002
   5.4714714714714718       -6.6916467973463414E-002
   5.4774774774774775       -6.6476304777240383E-002
   5.4834834834834831       -6.6039029561500123E-002
   5.4894894894894897       -6.5604623474283891E-002
   5.4954954954954953       -6.5173067785418148E-002
   5.5015015015015019       -6.4744343885744154E-002
   5.5075075075075075       -6.4318433286353824E-002
   5.5135135135135132       -6.3895317617828018E-002
   5.5195195195195197       -6.3474978629481357E-002
   5.5255255255255253       -6.3057398188610739E-002
   5.5315315315315319       -6.2642558279748115E-002
   5.5375375375375375       -6.2230441003918613E-002
   5.5435435435435432       -6.1821028577902296E-002
   5.5495495495495497       -6.1414303333500966E-002
   5.5555555555555554       -6.1010247716809331E-002
   5.5615615615615619       -6.0608844287490166E-002
   5.5675675675675675       -6.0210075718054569E-002
   5.5735735735735732       -5.9813924793145852E-002
   5.5795795795795797       -5.9420374408828303E-002
   5.5855855855855854       -5.9029407571880202E-002
   5.5915915915915919       -5.8641007399090735E-002
   5.5975975975975976       -5.8255157116561831E-002
   5.6036036036036032       -5.7871840059013607E-002
   5.6096096096096097       -5.7491039669094392E-002
   5.6156156156156154       -5.7112739496695167E-002
   5.6216216216216219       -5.6736923198267467E-002
   5.6276276276276276       -5.6363574536146384E-002
   5.6336336336336332       -5.5992677377876776E-002
   5.6396396396396398       -5.5624215695544245E-002
   5.6456456456456454       -5.5258173565110112E-002
   5.6516516516516520       -5.4894535165749984E-002
   5.6576576576576576       -5.4533284779197159E-002
   5.6636636636636633       -5.4174406789089219E-002
   5.6696696696696698       -5.3817885680319186E-002
   5.6756756756756754       -5.3463706038390596E-002
   5.6816816816816820       -5.3111852548776185E-002
   5.6876876876876876       -5.2762309996280995E-002
   5.6936936936936933       -5.2415063264408916E-002
   5.6996996996996998       -5.2070097334733403E-002
   5.7057057057057055       -5.1727397286272188E-002
   5.7117117117117120       -5.1386948294865294E-002
   5.7177177177177176       -5.1048735632557622E-002
   5.7237237237237233       -5.0712744666984576E-002
   5.7297297297297298       -5.0378960860762059E-002
   5.7357357357357355       -5.0047369770880028E-002
   5.7417417417417420       -4.9717957048099538E-002
   5.7477477477477477       -4.9390708436354069E-002
   5.7537537537537533       -4.9065609772153879E-002
   5.7597597597597598       -4.8742646983994505E-002
   5.7657657657657655       -4.8421806091768903E-002
   5.7717717717717720       -4.8103073206182803E-002
   5.7777777777777777       -4.7786434528174306E-002
   5.7837837837837833       -4.7471876348336405E-002
   5.7897897897897899       -4.7159385046343594E-002
   5.7957957957957955       -4.6848947090381877E-002
   5.8018018018018020       -4.6540549036582071E-002
   5.8078078078078077       -4.6234177528457071E-002
   5.8138138138138133       -4.5929819296342093E-002
   5.8198198198198199       -4.5627461156838786E-002
   5.8258258258258255       -4.5327090012262740E-002
   5.8318318318318321       -4.5028692850094060E-002
   5.8378378378378377       -4.4732256742431947E-002
   5.8438438438438434       -4.4437768845452079E-002
   5.8498498498498499       -4.4145216398867738E-002
   5.8558558558558556       -4.3854586725394287E-002
   5.8618618618618621       -4.3565867230216639E-002
   5.8678678678678677       -4.3279045400460535E-002
   5.8738738738738734       -4.2994108804666593E-002
   5.8798798798798799       -4.2711045092268043E-002
   5.8858858858858856       -4.2429841993071649E-002
   5.8918918918918921       -4.2150487316741383E-002
   5.8978978978978978       -4.1872968952286413E-002
   5.9039039039039043       -4.1597274867550708E-002
   5.9099099099099099       -4.1323393108707640E-002
   5.9159159159159156       -4.1051311799755942E-002
   5.9219219219219221       -4.0781019142020258E-002
   5.9279279279279278       -4.0512503413654102E-002
   5.9339339339339343       -4.0245752969145884E-002
   5.9399399399399400       -3.9980756238828463E-002
   5.9459459459459456       -3.9717501728391273E-002
   5.9519519519519521       -3.9455978018395815E-002
   5.9579579579579578       -3.9196173763794230E-002
   5.9639639639639643       -3.8938077693450465E-002
   5.9699699699699700       -3.8681678609665072E-002
   5.9759759759759756       -3.8426965387702357E-002
   5.9819819819819822       -3.8173926975320863E-002
   5.9879879879879878       -3.7922552392306887E-002
   5.9939939939939944       -3.7672830730010425E-002
   6.0000000000000000       -3.7424751150884672E-002
