 X =   0.50000000000000000      Y =    0.0000000000000000      Npts =        1000
   0.0000000000000000        1.2972470766781523     
   6.0060060060060060E-003   1.1486677329612438     
   1.2012012012012012E-002   1.0025374748901570     
   1.8018018018018018E-002  0.85882415592259653     
   2.4024024024024024E-002  0.71749601922209894     
   3.0030030030030030E-002  0.57852169309249712     
   3.6036036036036036E-002  0.44187018646511256     
   4.2042042042042038E-002  0.30751088443785768     
   4.8048048048048048E-002  0.17541354386593472     
   5.4054054054054057E-002   4.5548289003220985E-002
   6.0060060060060060E-002  -8.2114392805941294E-002
   6.6066066066066062E-002 -0.20760365538533404     
   7.2072072072072071E-002 -0.33094829793629443     
   7.8078078078078081E-002 -0.45217676919858751     
   8.4084084084084076E-002 -0.57131717156327810     
   9.0090090090090086E-002 -0.68839726513813160     
   9.6096096096096095E-002 -0.80344447176610390     
  0.10210210210210210      -0.91648587899745559     
  0.10810810810810811       -1.0275482440160053     
  0.11411411411411411       -1.1366579975200668     
  0.12012012012012012       -1.2438412475585983     
  0.12612612612612611       -1.3491237833230236     
  0.13213213213213212       -1.4525310788952965     
  0.13813813813813813       -1.5540882969526717     
  0.14414414414414414       -1.6538202924296979     
  0.15015015015015015       -1.7517516161378917     
  0.15615615615615616       -1.8479065183436132     
  0.16216216216216217       -1.9423089523046195     
  0.16816816816816815       -2.0349825777657236     
  0.17417417417417416       -2.1259507644140840     
  0.18018018018018017       -2.2152365952945665     
  0.18618618618618618       -2.3028628701856060     
  0.19219219219219219       -2.3888521089360841     
  0.19819819819819820       -2.4732265547635985     
  0.20420420420420421       -2.5560081775146304     
  0.21021021021021022       -2.6372186768869748     
  0.21621621621621623       -2.7168794856149669     
  0.22222222222222221       -2.7950117726178072     
  0.22822822822822822       -2.8716364461115287     
  0.23423423423423423       -2.9467741566849153     
  0.24024024024024024       -3.0204453003398863     
  0.24624624624624625       -3.0926700214966631     
  0.25225225225225223       -3.1634682159641740     
  0.25825825825825827       -3.2328595338761037     
  0.26426426426426425       -3.3008633825929294     
  0.27027027027027029       -3.3674989295703921     
  0.27627627627627627       -3.4327851051947333     
  0.28228228228228230       -3.4967406055851442     
  0.28828828828828829       -3.5593838953637285     
  0.29429429429429427       -3.6207332103933929     
  0.30030030030030030       -3.6808065604840641     
  0.30630630630630629       -3.7396217320675009     
  0.31231231231231232       -3.7971962908411760     
  0.31831831831831831       -3.8535475843814817     
  0.32432432432432434       -3.9086927447266802     
  0.33033033033033032       -3.9626486909299259     
  0.33633633633633631       -4.0154321315826689     
  0.34234234234234234       -4.0670595673088323     
  0.34834834834834832       -4.1175472932300785     
  0.35435435435435436       -4.1669114014024666     
  0.36036036036036034       -4.2151677832248886     
  0.36636636636636638       -4.2623321318195364     
  0.37237237237237236       -4.3084199443847870     
  0.37837837837837840       -4.3534465245208045     
  0.38438438438438438       -4.3974269845281020     
  0.39039039039039036       -4.4403762476795139     
  0.39639639639639640       -4.4823090504657372     
  0.40240240240240238       -4.5232399448148426     
  0.40840840840840842       -4.5631833002860205     
  0.41441441441441440       -4.6021533062378461     
  0.42042042042042044       -4.6401639739713971     
  0.42642642642642642       -4.6772291388484337     
  0.43243243243243246       -4.7133624623850521     
  0.43843843843843844       -4.7485774343209384     
  0.44444444444444442       -4.7828873746646607     
  0.45045045045045046       -4.8163054357151394     
  0.45645645645645644       -4.8488446040596616     
  0.46246246246246248       -4.8805177025486630     
  0.46846846846846846       -4.9113373922475532     
  0.47447447447447449       -4.9413161743658689     
  0.48048048048048048       -4.9704663921639751     
  0.48648648648648646       -4.9988002328376115     
  0.49249249249249250       -5.0263297293805138     
  0.49849849849849848       -5.0530667624253800     
  0.50450450450450446       -5.0790230620634054     
  0.51051051051051055       -5.1042102096426571     
  0.51651651651651653       -5.1286396395455309     
  0.52252252252252251       -5.1523226409455019     
  0.52852852852852850       -5.1752703595434424     
  0.53453453453453448       -5.1974937992837269     
  0.54054054054054057       -5.2190038240503354     
  0.54654654654654655       -5.2398111593432359     
  0.55255255255255253       -5.2599263939352285     
  0.55855855855855852       -5.2793599815094714     
  0.56456456456456461       -5.2981222422779748     
  0.57057057057057059       -5.3162233645811812     
  0.57657657657657657       -5.3336734064689511     
  0.58258258258258255       -5.3504822972630919     
  0.58858858858858853       -5.3666598391016871     
  0.59459459459459463       -5.3822157084654130     
  0.60060060060060061       -5.3971594576860529     
  0.60660660660660659       -5.4115005164374388     
  0.61261261261261257       -5.4252481932089651     
  0.61861861861861867       -5.4384116767619464     
  0.62462462462462465       -5.4510000375689707     
  0.63063063063063063       -5.4630222292364312     
  0.63663663663663661       -5.4744870899105003     
  0.64264264264264259       -5.4854033436666390     
  0.64864864864864868       -5.4957796018829219     
  0.65465465465465467       -5.5056243645973115     
  0.66066066066066065       -5.5149460218490578     
  0.66666666666666663       -5.5237528550044690     
  0.67267267267267261       -5.5320530380671515     
  0.67867867867867870       -5.5398546389729688     
  0.68468468468468469       -5.5471656208698423     
  0.69069069069069067       -5.5539938433826075     
  0.69669669669669665       -5.5603470638630688     
  0.70270270270270274       -5.5662329386254443     
  0.70870870870870872       -5.5716590241673618     
  0.71471471471471471       -5.5766327783765570     
  0.72072072072072069       -5.5811615617234729     
  0.72672672672672667       -5.5852526384398891     
  0.73273273273273276       -5.5889131776837511     
  0.73873873873873874       -5.5921502546903881     
  0.74474474474474472       -5.5949708519102170     
  0.75075075075075071       -5.5973818601331544     
  0.75675675675675680       -5.5993900795998259     
  0.76276276276276278       -5.6010022210997974     
  0.76876876876876876       -5.6022249070569012     
  0.77477477477477474       -5.6030646726018460     
  0.78078078078078073       -5.6035279666322921     
  0.78678678678678682       -5.6036211528604412     
  0.79279279279279280       -5.6033505108483865     
  0.79879879879879878       -5.6027222370312950     
  0.80480480480480476       -5.6017424457285996     
  0.81081081081081086       -5.6004171701433156     
  0.81681681681681684       -5.5987523633496368     
  0.82282282282282282       -5.5967538992689390     
  0.82882882882882880       -5.5944275736343201     
  0.83483483483483478       -5.5917791049438188     
  0.84084084084084088       -5.5888141354024352     
  0.84684684684684686       -5.5855382318530795     
  0.85285285285285284       -5.5819568866965943     
  0.85885885885885882       -5.5780755188009570     
  0.86486486486486491       -5.5738994743997905     
  0.87087087087087089       -5.5694340279803178     
  0.87687687687687688       -5.5646843831608699     
  0.88288288288288286       -5.5596556735580762     
  0.88888888888888884       -5.5543529636438427     
  0.89489489489489493       -5.5487812495922633     
  0.90090090090090091       -5.5429454601165427     
  0.90690690690690690       -5.5368504572960831     
  0.91291291291291288       -5.5305010373938224     
  0.91891891891891886       -5.5239019316639508     
  0.92492492492492495       -5.5170578071501080     
  0.93093093093093093       -5.5099732674741846     
  0.93693693693693691       -5.5026528536158112     
  0.94294294294294290       -5.4951010446826780     
  0.94894894894894899       -5.4873222586717523     
  0.95495495495495497       -5.4793208532215383     
  0.96096096096096095       -5.4711011263554461     
  0.96696696696696693       -5.4626673172163986     
  0.97297297297297292       -5.4540236067927692     
  0.97897897897897901       -5.4451741186357419     
  0.98498498498498499       -5.4361229195682137     
  0.99099099099099097       -5.4268740203853190     
  0.99699699699699695       -5.4174313765466717     
   1.0030030030030030       -5.4077988888604418     
   1.0090090090090089       -5.3979804041593367     
   1.0150150150150150       -5.3879797159685916     
   1.0210210210210211       -5.3778005651660754     
   1.0270270270270270       -5.3674466406345678     
   1.0330330330330331       -5.3569215799063317     
   1.0390390390390389       -5.3462289698000669     
   1.0450450450450450       -5.3353723470503045     
   1.0510510510510511       -5.3243551989293625     
   1.0570570570570570       -5.3131809638619432     
   1.0630630630630631       -5.3018530320324260     
   1.0690690690690690       -5.2903747459849964     
   1.0750750750750750       -5.2787494012166354     
   1.0810810810810811       -5.2669802467630946     
   1.0870870870870870       -5.2550704857779227     
   1.0930930930930931       -5.2430232761046129     
   1.0990990990990992       -5.2308417308419797     
   1.1051051051051051       -5.2185289189028126     
   1.1111111111111112       -5.2060878655659009     
   1.1171171171171170       -5.1935215530215109     
   1.1231231231231231       -5.1808329209103761     
   1.1291291291291292       -5.1680248668562943     
   1.1351351351351351       -5.1551002469923812     
   1.1411411411411412       -5.1420618764810859     
   1.1471471471471471       -5.1289125300280070     
   1.1531531531531531       -5.1156549423896127     
   1.1591591591591592       -5.1022918088749067     
   1.1651651651651651       -5.0888257858411379     
   1.1711711711711712       -5.0752594911835969     
   1.1771771771771771       -5.0615955048195929     
   1.1831831831831832       -5.0478363691666530     
   1.1891891891891893       -5.0339845896150353     
   1.1951951951951951       -5.0200426349946081     
   1.2012012012012012       -5.0060129380361573     
   1.2072072072072071       -4.9918978958272033     
   1.2132132132132132       -4.9776998702623692     
   1.2192192192192193       -4.9634211884883879     
   1.2252252252252251       -4.9490641433437883     
   1.2312312312312312       -4.9346309937933359     
   1.2372372372372373       -4.9201239653572824     
   1.2432432432432432       -4.9055452505354955     
   1.2492492492492493       -4.8908970092265038     
   1.2552552552552552       -4.8761813691415563     
   1.2612612612612613       -4.8614004262137049     
   1.2672672672672673       -4.8465562450020121     
   1.2732732732732732       -4.8316508590909164     
   1.2792792792792793       -4.8166862714848158     
   1.2852852852852852       -4.8016644549979270     
   1.2912912912912913       -4.7865873526394758     
   1.2972972972972974       -4.7714568779942814     
   1.3033033033033032       -4.7562749155987580     
   1.3093093093093093       -4.7410433213124366     
   1.3153153153153152       -4.7257639226850001     
   1.3213213213213213       -4.7104385193189442     
   1.3273273273273274       -4.6950688832278686     
   1.3333333333333333       -4.6796567591904656     
   1.3393393393393394       -4.6642038651002728     
   1.3453453453453452       -4.6487118923112032     
   1.3513513513513513       -4.6331825059789420     
   1.3573573573573574       -4.6176173453982265     
   1.3633633633633633       -4.6020180243360755     
   1.3693693693693694       -4.5863861313610021     
   1.3753753753753755       -4.5707232301682810     
   1.3813813813813813       -4.5550308599012777     
   1.3873873873873874       -4.5393105354689229     
   1.3933933933933933       -4.5235637478593649     
   1.3993993993993994       -4.5077919644498197     
   1.4054054054054055       -4.4919966293127116     
   1.4114114114114114       -4.4761791635181085     
   1.4174174174174174       -4.4603409654325006     
   1.4234234234234233       -4.4444834110139899     
   1.4294294294294294       -4.4286078541038991     
   1.4354354354354355       -4.4127156267148724     
   1.4414414414414414       -4.3968080393154780     
   1.4474474474474475       -4.3808863811113818     
   1.4534534534534533       -4.3649519203231231     
   1.4594594594594594       -4.3490059044605136     
   1.4654654654654655       -4.3330495605937323     
   1.4714714714714714       -4.3170840956211300     
   1.4774774774774775       -4.3011106965337831     
   1.4834834834834836       -4.2851305306768577     
   1.4894894894894894       -4.2691447460077914     
   1.4954954954954955       -4.2531544713513449     
   1.5015015015015014       -4.2371608166515689     
   1.5075075075075075       -4.2211648732206948     
   1.5135135135135136       -4.2051677139850252     
   1.5195195195195195       -4.1891703937278191     
   1.5255255255255256       -4.1731739493292279     
   1.5315315315315314       -4.1571794000033249     
   1.5375375375375375       -4.1411877475322347     
   1.5435435435435436       -4.1251999764974316     
   1.5495495495495495       -4.1092170545082052     
   1.5555555555555556       -4.0932399324273474     
   1.5615615615615615       -4.0772695445941043     
   1.5675675675675675       -4.0613068090443827     
   1.5735735735735736       -4.0453526277282945     
   1.5795795795795795       -4.0294078867250356     
   1.5855855855855856       -4.0134734564551406     
   1.5915915915915915       -3.9975501918901508     
   1.5975975975975976       -3.9816389327597128     
   1.6036036036036037       -3.9657405037561522     
   1.6096096096096095       -3.9498557147365427     
   1.6156156156156156       -3.9339853609222999     
   1.6216216216216217       -3.9181302230963317     
   1.6276276276276276       -3.9022910677977833     
   1.6336336336336337       -3.8864686475143753     
   1.6396396396396395       -3.8706637008724107     
   1.6456456456456456       -3.8548769528244233     
   1.6516516516516517       -3.8391091148345473     
   1.6576576576576576       -3.8233608850615934     
   1.6636636636636637       -3.8076329485398830     
   1.6696696696696696       -3.7919259773578626     
   1.6756756756756757       -3.7762406308345127     
   1.6816816816816818       -3.7605775556935956     
   1.6876876876876876       -3.7449373862357556     
   1.6936936936936937       -3.7293207445084922     
   1.6996996996996996       -3.7137282404740488     
   1.7057057057057057       -3.6981604721752266     
   1.7117117117117118       -3.6826180258991514     
   1.7177177177177176       -3.6671014763390257     
   1.7237237237237237       -3.6516113867538729     
   1.7297297297297298       -3.6361483091263187     
   1.7357357357357357       -3.6207127843184130     
   1.7417417417417418       -3.6053053422255297     
   1.7477477477477477       -3.5899265019283604     
   1.7537537537537538       -3.5745767718430246     
   1.7597597597597598       -3.5592566498693206     
   1.7657657657657657       -3.5439666235371425     
   1.7717717717717718       -3.5287071701510682     
   1.7777777777777777       -3.5134787569331745     
   1.7837837837837838       -3.4982818411640539     
   1.7897897897897899       -3.4831168703221000     
   1.7957957957957957       -3.4679842822210483     
   1.8018018018018018       -3.4528845051458075     
   1.8078078078078077       -3.4378179579866086     
   1.8138138138138138       -3.4227850503714721     
   1.8198198198198199       -3.4077861827970288     
   1.8258258258258258       -3.3928217467577126     
   1.8318318318318318       -3.3778921248733322     
   1.8378378378378377       -3.3629976910150634     
   1.8438438438438438       -3.3481388104298531     
   1.8498498498498499       -3.3333158398632721     
   1.8558558558558558       -3.3185291276808457     
   1.8618618618618619       -3.3037790139878349     
   1.8678678678678680       -3.2890658307475533     
   1.8738738738738738       -3.2743899018981675     
   1.8798798798798799       -3.2597515434680626     
   1.8858858858858858       -3.2451510636897316     
   1.8918918918918919       -3.2305887631122578     
   1.8978978978978980       -3.2160649347123731     
   1.9039039039039038       -3.2015798640041151     
   1.9099099099099099       -3.1871338291471156     
   1.9159159159159158       -3.1727271010535198     
   1.9219219219219219       -3.1583599434935516     
   1.9279279279279280       -3.1440326131997605     
   1.9339339339339339       -3.1297453599699478     
   1.9399399399399400       -3.1154984267687875     
   1.9459459459459458       -3.1012920498281695     
   1.9519519519519519       -3.0871264587462726     
   1.9579579579579580       -3.0730018765853839     
   1.9639639639639639       -3.0589185199684752     
   1.9699699699699700       -3.0448765991745663     
   1.9759759759759759       -3.0308763182328637     
   1.9819819819819819       -3.0169178750157157     
   1.9879879879879880       -3.0030014613303861     
   1.9939939939939939       -2.9891272630096557     
   2.0000000000000000       -2.9752954600012762     
   2.0060060060060061       -2.9615062264562799     
   2.0120120120120122       -2.9477597308161769     
   2.0180180180180178       -2.9340561358990218     
   2.0240240240240239       -2.9203955989843946     
   2.0300300300300300       -2.9067782718973008     
   2.0360360360360361       -2.8932043010909858     
   2.0420420420420422       -2.8796738277286953     
   2.0480480480480479       -2.8661869877643986     
   2.0540540540540539       -2.8527439120224578     
   2.0600600600600600       -2.8393447262763005     
   2.0660660660660661       -2.8259895513260602     
   2.0720720720720722       -2.8126785030752335     
   2.0780780780780779       -2.7994116926063475     
   2.0840840840840840       -2.7861892262556509     
   2.0900900900900901       -2.7730112056868497     
   2.0960960960960962       -2.7598777279638895     
   2.1021021021021022       -2.7467888856227995     
   2.1081081081081079       -2.7337447667426042     
   2.1141141141141140       -2.7207454550153289     
   2.1201201201201201       -2.7077910298150902     
   2.1261261261261262       -2.6948815662663028     
   2.1321321321321323       -2.6820171353109852     
   2.1381381381381379       -2.6691978037752171     
   2.1441441441441440       -2.6564236344347090     
   2.1501501501501501       -2.6436946860795403     
   2.1561561561561562       -2.6310110135780436     
   2.1621621621621623       -2.6183726679398616     
   2.1681681681681679       -2.6057796963781832     
   2.1741741741741740       -2.5932321423711651     
   2.1801801801801801       -2.5807300457225555     
   2.1861861861861862       -2.5682734426215239     
   2.1921921921921923       -2.5558623657017066     
   2.1981981981981984       -2.5434968440994843     
   2.2042042042042040       -2.5311769035114913     
   2.2102102102102101       -2.5189025662513678     
   2.2162162162162162       -2.5066738513057785     
   2.2222222222222223       -2.4944907743896847     
   2.2282282282282284       -2.4823533480008910     
   2.2342342342342341       -2.4702615814738746     
   2.2402402402402402       -2.4582154810329073     
   2.2462462462462462       -2.4462150498444712     
   2.2522522522522523       -2.4342602880689883     
   2.2582582582582584       -2.4223511929118593     
   2.2642642642642641       -2.4104877586738329     
   2.2702702702702702       -2.3986699768006976     
   2.2762762762762763       -2.3868978359323316     
   2.2822822822822824       -2.3751713219510804     
   2.2882882882882885       -2.3634904180295062     
   2.2942942942942941       -2.3518551046774956     
   2.3003003003003002       -2.3402653597887362     
   2.3063063063063063       -2.3287211586865837     
   2.3123123123123124       -2.3172224741693048     
   2.3183183183183185       -2.3057692765547197     
   2.3243243243243241       -2.2943615337242496     
   2.3303303303303302       -2.2829992111663637     
   2.3363363363363363       -2.2716822720194605     
   2.3423423423423424       -2.2604106771141530     
   2.3483483483483485       -2.2491843850149991     
   2.3543543543543541       -2.2380033520616642     
   2.3603603603603602       -2.2268675324095257     
   2.3663663663663663       -2.2157768780697391     
   2.3723723723723724       -2.2047313389487502     
   2.3783783783783785       -2.1937308628872811     
   2.3843843843843842       -2.1827753956987825     
   2.3903903903903903       -2.1718648812073669     
   2.3963963963963963       -2.1609992612852253     
   2.4024024024024024       -2.1501784758895353     
   2.4084084084084085       -2.1394024630988628     
   2.4144144144144142       -2.1286711591490755     
   2.4204204204204203       -2.1179844984687493     
   2.4264264264264264       -2.1073424137141137     
   2.4324324324324325       -2.0967448358034932     
   2.4384384384384385       -2.0861916939512968     
   2.4444444444444446       -2.0756829157015271     
   2.4504504504504503       -2.0652184269608354     
   2.4564564564564564       -2.0547981520311134     
   2.4624624624624625       -2.0444220136416504     
   2.4684684684684686       -2.0340899329808266     
   2.4744744744744747       -2.0238018297273839     
   2.4804804804804803       -2.0135576220812523     
   2.4864864864864864       -2.0033572267939528     
   2.4924924924924925       -1.9932005591985820     
   2.4984984984984986       -1.9830875332393705     
   2.5045045045045047       -1.9730180615008344     
   2.5105105105105103       -1.9629920552365188     
   2.5165165165165164       -1.9530094243973377     
   2.5225225225225225       -1.9430700776595189     
   2.5285285285285286       -1.9331739224521576     
   2.5345345345345347       -1.9233208649843763     
   2.5405405405405403       -1.9135108102721121     
   2.5465465465465464       -1.9037436621645150     
   2.5525525525525525       -1.8940193233699856     
   2.5585585585585586       -1.8843376954818334     
   2.5645645645645647       -1.8746986790035789     
   2.5705705705705704       -1.8651021733738911     
   2.5765765765765765       -1.8555480769911739     
   2.5825825825825826       -1.8460362872378011     
   2.5885885885885886       -1.8365667005040074     
   2.5945945945945947       -1.8271392122114305     
   2.6006006006006004       -1.8177537168363291     
   2.6066066066066065       -1.8084101079324515     
   2.6126126126126126       -1.7991082781535903     
   2.6186186186186187       -1.7898481192758036     
   2.6246246246246248       -1.7806295222193169     
   2.6306306306306304       -1.7714523770701127     
   2.6366366366366365       -1.7623165731011967     
   2.6426426426426426       -1.7532219987935727     
   2.6486486486486487       -1.7441685418568929     
   2.6546546546546548       -1.7351560892498237     
   2.6606606606606604       -1.7261845272001042     
   2.6666666666666665       -1.7172537412243123     
   2.6726726726726726       -1.7083636161473494     
   2.6786786786786787       -1.6995140361216274     
   2.6846846846846848       -1.6907048846459800     
   2.6906906906906904       -1.6819360445842957     
   2.6966966966966965       -1.6732073981838689     
   2.7027027027027026       -1.6645188270934885     
   2.7087087087087087       -1.6558702123812521     
   2.7147147147147148       -1.6472614345521135     
   2.7207207207207209       -1.6386923735651742     
   2.7267267267267266       -1.6301629088507130     
   2.7327327327327327       -1.6216729193269608     
   2.7387387387387387       -1.6132222834166239     
   2.7447447447447448       -1.6048108790631614     
   2.7507507507507509       -1.5964385837468098     
   2.7567567567567566       -1.5881052745003765     
   2.7627627627627627       -1.5798108279247807     
   2.7687687687687688       -1.5715551202043714     
   2.7747747747747749       -1.5633380271220034     
   2.7807807807807809       -1.5551594240738860     
   2.7867867867867866       -1.5470191860842051     
   2.7927927927927927       -1.5389171878195187     
   2.7987987987987988       -1.5308533036029350     
   2.8048048048048049       -1.5228274074280690     
   2.8108108108108110       -1.5148393729727820     
   2.8168168168168166       -1.5068890736127150     
   2.8228228228228227       -1.4989763824345994     
   2.8288288288288288       -1.4911011722493750     
   2.8348348348348349       -1.4832633156050932     
   2.8408408408408410       -1.4754626847996193     
   2.8468468468468466       -1.4676991518931399     
   2.8528528528528527       -1.4599725887204664     
   2.8588588588588588       -1.4522828669031511     
   2.8648648648648649       -1.4446298578614061     
   2.8708708708708710       -1.4370134328258366     
   2.8768768768768767       -1.4294334628489826     
   2.8828828828828827       -1.4218898188166795     
   2.8888888888888888       -1.4143823714592383     
   2.8948948948948949       -1.4069109913624414     
   2.9009009009009010       -1.3994755489783630     
   2.9069069069069067       -1.3920759146360151     
   2.9129129129129128       -1.3847119585518193     
   2.9189189189189189       -1.3773835508399108     
   2.9249249249249250       -1.3700905615222703     
   2.9309309309309310       -1.3628328605386901     
   2.9369369369369367       -1.3556103177565819     
   2.9429429429429428       -1.3484228029806140     
   2.9489489489489489       -1.3412701859621960     
   2.9549549549549550       -1.3341523364088028     
   2.9609609609609611       -1.3270691239931423     
   2.9669669669669672       -1.3200204183621722     
   2.9729729729729728       -1.3130060891459645     
   2.9789789789789789       -1.3060260059664173     
   2.9849849849849850       -1.2990800384458236     
   2.9909909909909911       -1.2921680562152944     
   2.9969969969969972       -1.2852899289230344     
   3.0030030030030028       -1.2784455262424799     
   3.0090090090090089       -1.2716347178802911     
   3.0150150150150150       -1.2648573735842175     
   3.0210210210210211       -1.2581133631508148     
   3.0270270270270272       -1.2514025564330360     
   3.0330330330330328       -1.2447248233476844     
   3.0390390390390389       -1.2380800338827400     
   3.0450450450450450       -1.2314680581045561     
   3.0510510510510511       -1.2248887661649261     
   3.0570570570570572       -1.2183420283080271     
   3.0630630630630629       -1.2118277148772398     
   3.0690690690690690       -1.2053456963218439     
   3.0750750750750750       -1.1988958432035952     
   3.0810810810810811       -1.1924780262031842     
   3.0870870870870872       -1.1860921161265727     
   3.0930930930930929       -1.1797379839112221     
   3.0990990990990990       -1.1734155006321996     
   3.1051051051051051       -1.1671245375081787     
   3.1111111111111112       -1.1608649659073227     
   3.1171171171171173       -1.1546366573530640     
   3.1231231231231229       -1.1484394835297707     
   3.1291291291291290       -1.1422733162883076     
   3.1351351351351351       -1.1361380276514952     
   3.1411411411411412       -1.1300334898194602     
   3.1471471471471473       -1.1239595751748883     
   3.1531531531531529       -1.1179161562881716     
   3.1591591591591590       -1.1119031059224569     
   3.1651651651651651       -1.1059202970386020     
   3.1711711711711712       -1.0999676028000265     
   3.1771771771771773       -1.0940448965774738     
   3.1831831831831829       -1.0881520519536725     
   3.1891891891891890       -1.0822889427279112     
   3.1951951951951951       -1.0764554429205186     
   3.2012012012012012       -1.0706514267772533     
   3.2072072072072073       -1.0648767687736040     
   3.2132132132132134       -1.0591313436190022     
   3.2192192192192191       -1.0534150262609507     
   3.2252252252252251       -1.0477276918890612     
   3.2312312312312312       -1.0420692159390152     
   3.2372372372372373       -1.0364394740964318     
   3.2432432432432434       -1.0308383423006646     
   3.2492492492492491       -1.0252656967485096     
   3.2552552552552552       -1.0197214138978365     
   3.2612612612612613       -1.0142053704711409     
   3.2672672672672673       -1.0087174434590209     
   3.2732732732732734       -1.0032575101235754     
   3.2792792792792791      -0.99782544800172690     
   3.2852852852852852      -0.99242113490846851     
   3.2912912912912913      -0.98704444894004584     
   3.2972972972972974      -0.98169526847705579     
   3.3033033033033035      -0.97637347218748183     
   3.3093093093093091      -0.97107893902965681     
   3.3153153153153152      -0.96581154825515370     
   3.3213213213213213      -0.96057117941161552     
   3.3273273273273274      -0.95535771234551181     
   3.3333333333333335      -0.95017102720483049     
   3.3393393393393391      -0.94501100444170538     
   3.3453453453453452      -0.93987752481497866     
   3.3513513513513513      -0.93477046939270136     
   3.3573573573573574      -0.92968971955457047     
   3.3633633633633635      -0.92463515699430132     
   3.3693693693693691      -0.91960666372194766     
   3.3753753753753752      -0.91460412206615138     
   3.3813813813813813      -0.90962741467634345     
   3.3873873873873874      -0.90467642452487795     
   3.3933933933933935      -0.89975103490911612     
   3.3993993993993992      -0.89485112945344969     
   3.4054054054054053      -0.88997659211126945     
   3.4114114114114114      -0.88512730716688104     
   3.4174174174174174      -0.88030315923736380     
   3.4234234234234235      -0.87550403327437964     
   3.4294294294294292      -0.87072981456592746     
   3.4354354354354353      -0.86598038873804650     
   3.4414414414414414      -0.86125564175646807     
   3.4474474474474475      -0.85655545992822135     
   3.4534534534534536      -0.85187972990318306     
   3.4594594594594597      -0.84722833867558578     
   3.4654654654654653      -0.84260117358547126     
   3.4714714714714714      -0.83799812232010340     
   3.4774774774774775      -0.83341907291533046     
   3.4834834834834836      -0.82886391375690427     
   3.4894894894894897      -0.82433253358175029     
   3.4954954954954953      -0.81982482147919888     
   3.5015015015015014      -0.81534066689216933     
   3.5075075075075075      -0.81087995961831127     
   3.5135135135135136      -0.80644258981110439     
   3.5195195195195197      -0.80202844798091721     
   3.5255255255255253      -0.79763742499602319     
   3.5315315315315314      -0.79326941208357649     
   3.5375375375375375      -0.78892430083055121     
   3.5435435435435436      -0.78460198318463503     
   3.5495495495495497      -0.78030235145509197     
   3.5555555555555554      -0.77602529831358147     
   3.5615615615615615      -0.77177071679494202     
   3.5675675675675675      -0.76753850029793746     
   3.5735735735735736      -0.76332854258596983     
   3.5795795795795797      -0.75914073778775226     
   3.5855855855855854      -0.75497498039795030     
   3.5915915915915915      -0.75083116527778415     
   3.5975975975975976      -0.74670918765560501     
   3.6036036036036037      -0.74260894312742975     
   3.6096096096096097      -0.73853032765744686     
   3.6156156156156154      -0.73447323757848826     
   3.6216216216216215      -0.73043756959247108     
   3.6276276276276276      -0.72642322077080745     
   3.6336336336336337      -0.72243008855478263     
   3.6396396396396398      -0.71845807075590240     
   3.6456456456456454      -0.71450706555621391     
   3.6516516516516515      -0.71057697150859123     
   3.6576576576576576      -0.70666768753699949     
   3.6636636636636637      -0.70277911293672390     
   3.6696696696696698      -0.69891114737457460     
   3.6756756756756754      -0.69506369088906272     
   3.6816816816816815      -0.69123664389055017     
   3.6876876876876876      -0.68742990716137276     
   3.6936936936936937      -0.68364338185593487     
   3.6996996996996998      -0.67987696950078313     
   3.7057057057057055      -0.67613057199465065     
   3.7117117117117115      -0.67240409160847736     
   3.7177177177177176      -0.66869743098540724     
   3.7237237237237237      -0.66501049314076122     
   3.7297297297297298      -0.66134318146198512     
   3.7357357357357359      -0.65769539970857593     
   3.7417417417417416      -0.65406705201198401     
   3.7477477477477477      -0.65045804287549358     
   3.7537537537537538      -0.64686827717408257     
   3.7597597597597598      -0.64329766015425816     
   3.7657657657657659      -0.63974609743387201     
   3.7717717717717716      -0.63621349500191671     
   3.7777777777777777      -0.63269975921829791     
   3.7837837837837838      -0.62920479681359009     
   3.7897897897897899      -0.62572851488877057     
   3.7957957957957960      -0.62227082091493280     
   3.8018018018018016      -0.61883162273298453     
   3.8078078078078077      -0.61541082855332285     
   3.8138138138138138      -0.61200834695549433     
   3.8198198198198199      -0.60862408688783398     
   3.8258258258258260      -0.60525795766708990     
   3.8318318318318316      -0.60190986897802745     
   3.8378378378378377      -0.59857973087301786     
   3.8438438438438438      -0.59526745377160961     
   3.8498498498498499      -0.59197294846008419     
   3.8558558558558560      -0.58869612609099464     
   3.8618618618618616      -0.58543689818268907     
   3.8678678678678677      -0.58219517661881603     
   3.8738738738738738      -0.57897087364782052     
   3.8798798798798799      -0.57576390188241866     
   3.8858858858858860      -0.57257417429906121     
   3.8918918918918917      -0.56940160423738151     
   3.8978978978978978      -0.56624610539962961     
   3.9039039039039038      -0.56310759185009363     
   3.9099099099099099      -0.55998597801450534     
   3.9159159159159160      -0.55688117867943454     
   3.9219219219219217      -0.55379310899166845     
   3.9279279279279278      -0.55072168445758007     
   3.9339339339339339      -0.54766682094248387     
   3.9399399399399400      -0.54462843466997823     
   3.9459459459459461      -0.54160644222127585     
   3.9519519519519517      -0.53860076053452410     
   3.9579579579579578      -0.53561130690411096     
   3.9639639639639639      -0.53263799897996400     
   3.9699699699699700      -0.52968075476683296     
   3.9759759759759761      -0.52673949262356634     
   3.9819819819819822      -0.52381413126237442     
   3.9879879879879878      -0.52090458974808385     
   3.9939939939939939      -0.51801078749737872     
   4.0000000000000000      -0.51513264427803762     
   4.0060060060060056      -0.51227008020815579     
   4.0120120120120122      -0.50942301575535842     
   4.0180180180180178      -0.50659137173600954     
   4.0240240240240244      -0.50377506931440308     
   4.0300300300300300      -0.50097403000195551     
   4.0360360360360357      -0.49818817565638074     
   4.0420420420420422      -0.49541742848086168     
   4.0480480480480479      -0.49266171102321282     
   4.0540540540540544      -0.48992094617503296     
   4.0600600600600600      -0.48719505717085343     
   4.0660660660660657      -0.48448396758727375     
   4.0720720720720722      -0.48178760134209397     
   4.0780780780780779      -0.47910588269343984     
   4.0840840840840844      -0.47643873623887617     
   4.0900900900900901      -0.47378608691452023     
   4.0960960960960957      -0.47114785999414049     
   4.1021021021021022      -0.46852398108825566     
   4.1081081081081079      -0.46591437614322501     
   4.1141141141141144      -0.46331897144032913     
   4.1201201201201201      -0.46073769359485034     
   4.1261261261261257      -0.45817046955514240     
   4.1321321321321323      -0.45561722660169662     
   4.1381381381381379      -0.45307789234620349     
   4.1441441441441444      -0.45055239473060538     
   4.1501501501501501      -0.44804066202614773     
   4.1561561561561557      -0.44554262283242180     
   4.1621621621621623      -0.44305820607640495     
   4.1681681681681679      -0.44058734101149616     
   4.1741741741741745      -0.43812995721654241     
   4.1801801801801801      -0.43568598459486857     
   4.1861861861861858      -0.43325535337329379     
   4.1921921921921923      -0.43083799410115076     
   4.1981981981981980      -0.42843383764929721     
   4.2042042042042045      -0.42604281520912368     
   4.2102102102102101      -0.42366485829155986     
   4.2162162162162158      -0.42129989872607293     
   4.2222222222222223      -0.41894786865966577     
   4.2282282282282280      -0.41660870055587118     
   4.2342342342342345      -0.41428232719374092     
   4.2402402402402402      -0.41196868166683415     
   4.2462462462462458      -0.40966769738219960     
   4.2522522522522523      -0.40737930805935679     
   4.2582582582582580      -0.40510344772927598     
   4.2642642642642645      -0.40284005073335005     
   4.2702702702702702      -0.40058905172237080     
   4.2762762762762758      -0.39835038565549469     
   4.2822822822822824      -0.39612398779921376     
   4.2882882882882880      -0.39390979372632001     
   4.2942942942942945      -0.39170773931486697     
   4.3003003003003002      -0.38951776074713229     
   4.3063063063063058      -0.38733979450857570     
   4.3123123123123124      -0.38517377738679559     
   4.3183183183183180      -0.38301964647048575     
   4.3243243243243246      -0.38087733914838601     
   4.3303303303303302      -0.37874679310823689     
   4.3363363363363359      -0.37662794633572799     
   4.3423423423423424      -0.37452073711344713     
   4.3483483483483480      -0.37242510401982820     
   4.3543543543543546      -0.37034098592809700     
   4.3603603603603602      -0.36826832200521692     
   4.3663663663663668      -0.36620705171083168     
   4.3723723723723724      -0.36415711479620955     
   4.3783783783783781      -0.36211845130318482     
   4.3843843843843846      -0.36009100156309887     
   4.3903903903903903      -0.35807470619574200     
   4.3963963963963968      -0.35606950610829113     
   4.4024024024024024      -0.35407534249425132     
   4.4084084084084081      -0.35209215683239281     
   4.4144144144144146      -0.35011989088569045     
   4.4204204204204203      -0.34815848670026234     
   4.4264264264264268      -0.34620788660430490     
   4.4324324324324325      -0.34426803320703436     
   4.4384384384384381      -0.34233886939762087     
   4.4444444444444446      -0.34042033834412744     
   4.4504504504504503      -0.33851238349244767     
   4.4564564564564568      -0.33661494856524182     
   4.4624624624624625      -0.33472797756087674     
   4.4684684684684681      -0.33285141475236130     
   4.4744744744744747      -0.33098520468628578     
   4.4804804804804803      -0.32912929218176090     
   4.4864864864864868      -0.32728362232935532     
   4.4924924924924925      -0.32544814049003684     
   4.4984984984984981      -0.32362279229411067     
   4.5045045045045047      -0.32180752364016013     
   4.5105105105105103      -0.32000228069398967     
   4.5165165165165169      -0.31820700988756406     
   4.5225225225225225      -0.31642165791795374     
   4.5285285285285282      -0.31464617174627546     
   4.5345345345345347      -0.31288049859663869     
   4.5405405405405403      -0.31112458595509090     
   4.5465465465465469      -0.30937838156856223     
   4.5525525525525525      -0.30764183344381429     
   4.5585585585585582      -0.30591488984638771     
   4.5645645645645647      -0.30419749929955153     
   4.5705705705705704      -0.30248961058325541     
   4.5765765765765769      -0.30079117273307859     
   4.5825825825825826      -0.29910213503918637     
   4.5885885885885882      -0.29742244704528215     
   4.5945945945945947      -0.29575205854756409     
   4.6006006006006004      -0.29409091959368344     
   4.6066066066066069      -0.29243898048170086     
   4.6126126126126126      -0.29079619175904931     
   4.6186186186186182      -0.28916250422149392     
   4.6246246246246248      -0.28753786891209593     
   4.6306306306306304      -0.28592223712017817     
   4.6366366366366369      -0.28431556038029043     
   4.6426426426426426      -0.28271779047117951     
   4.6486486486486482      -0.28112887941475762     
   4.6546546546546548      -0.27954877947507456     
   4.6606606606606604      -0.27797744315729273     
   4.6666666666666670      -0.27641482320666039     
   4.6726726726726726      -0.27486087260749137     
   4.6786786786786783      -0.27331554458214191     
   4.6846846846846848      -0.27177879258999355     
   4.6906906906906904      -0.27025057032643640     
   4.6966966966966970      -0.26873083172185297     
   4.7027027027027026      -0.26721953094060680     
   4.7087087087087083      -0.26571662238003102     
   4.7147147147147148      -0.26422206066941972     
   4.7207207207207205      -0.26273580066902258     
   4.7267267267267270      -0.26125779746903899     
   4.7327327327327327      -0.25978800638861721     
   4.7387387387387383      -0.25832638297485383     
   4.7447447447447448      -0.25687288300179628     
   4.7507507507507505      -0.25542746246944831     
   4.7567567567567570      -0.25399007760277487     
   4.7627627627627627      -0.25256068485071409     
   4.7687687687687683      -0.25113924088518663     
   4.7747747747747749      -0.24972570260011065     
   4.7807807807807805      -0.24832002711041851     
   4.7867867867867870      -0.24692217175107467     
   4.7927927927927927      -0.24553209407609766     
   4.7987987987987983      -0.24414975185758350     
   4.8048048048048049      -0.24277510308473160     
   4.8108108108108105      -0.24140810596287424     
   4.8168168168168171      -0.24004871891250679     
   4.8228228228228227      -0.23869690056832255     
   4.8288288288288284      -0.23735260977824807     
   4.8348348348348349      -0.23601580560248211     
   4.8408408408408405      -0.23468644731253840     
   4.8468468468468471      -0.23336449439028797     
   4.8528528528528527      -0.23204990652700766     
   4.8588588588588584      -0.23074264362242769     
   4.8648648648648649      -0.22944266578378508     
   4.8708708708708706      -0.22814993332487846     
   4.8768768768768771      -0.22686440676512437     
   4.8828828828828827      -0.22558604682861866     
   4.8888888888888893      -0.22431481444319842     
   4.8948948948948949      -0.22305067073950871     
   4.9009009009009006      -0.22179357705006977     
   4.9069069069069071      -0.22054349490834885     
   4.9129129129129128      -0.21930038604783444     
   4.9189189189189193      -0.21806421240111210     
   4.9249249249249250      -0.21683493609894533     
   4.9309309309309306      -0.21561251946935669     
   4.9369369369369371      -0.21439692503671332     
   4.9429429429429428      -0.21318811552081610     
   4.9489489489489493      -0.21198605383598867     
   4.9549549549549550      -0.21079070309017334     
   4.9609609609609606      -0.20960202658402557     
   4.9669669669669672      -0.20841998781001508     
   4.9729729729729728      -0.20724455045152804     
   4.9789789789789793      -0.20607567838197155     
   4.9849849849849850      -0.20491333566388298     
   4.9909909909909906      -0.20375748654804035     
   4.9969969969969972      -0.20260809547257644     
   5.0030030030030028      -0.20146512706209699     
   5.0090090090090094      -0.20032854612679832     
   5.0150150150150150      -0.19919831766159316     
   5.0210210210210207      -0.19807440684523403     
   5.0270270270270272      -0.19695677903944281     
   5.0330330330330328      -0.19584539978804399     
   5.0390390390390394      -0.19474023481609701     
   5.0450450450450450      -0.19364125002903579     
   5.0510510510510507      -0.19254841151180890     
   5.0570570570570572      -0.19146168552802265     
   5.0630630630630629      -0.19038103851908950     
   5.0690690690690694      -0.18930643710337555     
   5.0750750750750750      -0.18823784807535504     
   5.0810810810810807      -0.18717523840476533     
   5.0870870870870872      -0.18611857523576508     
   5.0930930930930929      -0.18506782588609777     
   5.0990990990990994      -0.18402295784625408     
   5.1051051051051051      -0.18298393877864144     
   5.1111111111111107      -0.18195073651675439     
   5.1171171171171173      -0.18092331906434758     
   5.1231231231231229      -0.17990165459461380     
   5.1291291291291294      -0.17888571144936319     
   5.1351351351351351      -0.17787545813820610     
   5.1411411411411407      -0.17687086333773941     
   5.1471471471471473      -0.17587189589073476     
   5.1531531531531529      -0.17487852480533136     
   5.1591591591591595      -0.17389071925423058     
   5.1651651651651651      -0.17290844857389398     
   5.1711711711711708      -0.17193168226374461     
   5.1771771771771773      -0.17096038998537058     
   5.1831831831831829      -0.16999454156173299     
   5.1891891891891895      -0.16903410697637566     
   5.1951951951951951      -0.16807905637263854     
   5.2012012012012008      -0.16712936005287327     
   5.2072072072072073      -0.16618498847766361     
   5.2132132132132130      -0.16524591226504690     
   5.2192192192192195      -0.16431210218973977     
   5.2252252252252251      -0.16338352918236643     
   5.2312312312312308      -0.16246016432868954     
   5.2372372372372373      -0.16154197886884569     
   5.2432432432432430      -0.16062894419658214     
   5.2492492492492495      -0.15972103185849679     
   5.2552552552552552      -0.15881821355328335     
   5.2612612612612608      -0.15792046113097569     
   5.2672672672672673      -0.15702774659219892     
   5.2732732732732730      -0.15614004208742141     
   5.2792792792792795      -0.15525731991620978     
   5.2852852852852852      -0.15437955252648886     
   5.2912912912912908      -0.15350671251380130     
   5.2972972972972974      -0.15263877262057365     
   5.3033033033033030      -0.15177570573538343     
   5.3093093093093096      -0.15091748489222892     
   5.3153153153153152      -0.15006408326980419     
   5.3213213213213209      -0.14921547419077402     
   5.3273273273273274      -0.14837163112105395     
   5.3333333333333330      -0.14753252766909367     
   5.3393393393393396      -0.14669813758516054     
   5.3453453453453452      -0.14586843476063002     
   5.3513513513513509      -0.14504339322727527     
   5.3573573573573574      -0.14422298715656232     
   5.3633633633633631      -0.14340719085894782     
   5.3693693693693696      -0.14259597878317795     
   5.3753753753753752      -0.14178932551559273     
   5.3813813813813809      -0.14098720577943166     
   5.3873873873873874      -0.14018959443414228     
   5.3933933933933931      -0.13939646647469359     
   5.3993993993993996      -0.13860779703088899     
   5.4054054054054053      -0.13782356136668567     
   5.4114114114114118      -0.13704373487951454     
   5.4174174174174174      -0.13626829309960406     
   5.4234234234234231      -0.13549721168930692     
   5.4294294294294296      -0.13473046644242895     
   5.4354354354354353      -0.13396803328356202     
   5.4414414414414418      -0.13320988826741911     
   5.4474474474474475      -0.13245600757817227     
   5.4534534534534531      -0.13170636752879325     
   5.4594594594594597      -0.13096094456039806     
   5.4654654654654653      -0.13021971524159309     
   5.4714714714714718      -0.12948265626782490     
   5.4774774774774775      -0.12874974446073253     
   5.4834834834834831      -0.12802095676750239     
   5.4894894894894897      -0.12729627026022700     
   5.4954954954954953      -0.12657566213526530     
   5.5015015015015019      -0.12585910971260664     
   5.5075075075075075      -0.12514659043523732     
   5.5135135135135132      -0.12443808186850937     
   5.5195195195195197      -0.12373356169951359     
   5.5255255255255253      -0.12303300773645394     
   5.5315315315315319      -0.12233639790802477     
   5.5375375375375375      -0.12164371026279276     
   5.5435435435435432      -0.12095492296857839     
   5.5495495495495497      -0.12027001431184327     
   5.5555555555555554      -0.11958896269707849     
   5.5615615615615619      -0.11891174664619575     
   5.5675675675675675      -0.11823834479792274     
   5.5735735735735732      -0.11756873590719873     
   5.5795795795795797      -0.11690289884457510     
   5.5855855855855854      -0.11624081259561830     
   5.5915915915915919      -0.11558245626031367     
   5.5975975975975976      -0.11492780905247475     
   5.6036036036036032      -0.11427685029915270     
   5.6096096096096097      -0.11362955944005003     
   5.6156156156156154      -0.11298591602693712     
   5.6216216216216219      -0.11234589972306960     
   5.6276276276276276      -0.11170949030261074     
   5.6336336336336332      -0.11107666765005497     
   5.6396396396396398      -0.11044741175965408     
   5.6456456456456454      -0.10982170273484759     
   5.6516516516516520      -0.10919952078769316     
   5.6576576576576576      -0.10858084623830229     
   5.6636636636636633      -0.10796565951427693     
   5.6696696696696698      -0.10735394115014892     
   5.6756756756756754      -0.10674567178682332     
   5.6816816816816820      -0.10614083217102205     
   5.6876876876876876      -0.10553940315473238     
   5.6936936936936933      -0.10494136569465674     
   5.6996996996996998      -0.10434670085166506     
   5.7057057057057055      -0.10375538979025042     
   5.7117117117117120      -0.10316741377798673     
   5.7177177177177176      -0.10258275418498895     
   5.7237237237237233      -0.10200139248337610     
   5.7297297297297298      -0.10142331024673616     
   5.7357357357357355      -0.10084848914959482     
   5.7417417417417420      -0.10027691096688524     
   5.7477477477477477       -9.9708557573421147E-002
   5.7537537537537533       -9.9143410943372423E-002
   5.7597597597597598       -9.8581453149742607E-002
   5.7657657657657655       -9.8022666363849736E-002
   5.7717717717717720       -9.7467032854808955E-002
   5.7777777777777777       -9.6914534989017961E-002
   5.7837837837837833       -9.6365155229644339E-002
   5.7897897897897899       -9.5818876136116435E-002
   5.7957957957957955       -9.5275680363615514E-002
   5.8018018018018020       -9.4735550662571041E-002
   5.8078078078078077       -9.4198469878158136E-002
   5.8138138138138133       -9.3664420949797184E-002
   5.8198198198198199       -9.3133386910656674E-002
   5.8258258258258255       -9.2605350887157545E-002
   5.8318318318318321       -9.2080296098480008E-002
   5.8378378378378377       -9.1558205856073868E-002
   5.8438438438438434       -9.1039063563169223E-002
   5.8498498498498499       -9.0522852714291474E-002
   5.8558558558558556       -9.0009556894777534E-002
   5.8618618618618621       -8.9499159780294407E-002
   5.8678678678678677       -8.8991645136361264E-002
   5.8738738738738734       -8.8486996817871769E-002
   5.8798798798798799       -8.7985198768620876E-002
   5.8858858858858856       -8.7486235020832581E-002
   5.8918918918918921       -8.6990089694690076E-002
   5.8978978978978978       -8.6496746997869342E-002
   5.9039039039039043       -8.6006191225072970E-002
   5.9099099099099099       -8.5518406757568458E-002
   5.9159159159159156       -8.5033378062727288E-002
   5.9219219219219221       -8.4551089693566464E-002
   5.9279279279279278       -8.4071526288293397E-002
   5.9339339339339343       -8.3594672569851078E-002
   5.9399399399399400       -8.3120513345467481E-002
   5.9459459459459456       -8.2649033506205852E-002
   5.9519519519519521       -8.2180218026517579E-002
   5.9579579579579578       -8.1714051963797663E-002
   5.9639639639639643       -8.1250520457941747E-002
   5.9699699699699700       -8.0789608730905738E-002
   5.9759759759759756       -8.0331302086267556E-002
   5.9819819819819822       -7.9875585908790694E-002
   5.9879879879879878       -7.9422445663990676E-002
   5.9939939939939944       -7.8971866897702886E-002
   6.0000000000000000       -7.8523835235653011E-002
