 X =   0.50000000000000000      Y =   0.50000000000000000      Npts =        1000
   0.0000000000000000       0.48394618975136944     
   6.0060060060060060E-003  0.24664591612117479     
   1.2012012012012012E-002   1.4613652181647696E-002
   1.8018018018018018E-002 -0.21224219419178078     
   2.4024024024024024E-002 -0.43401175049477925     
   3.0030030030030030E-002 -0.65078370219177628     
   3.6036036036036036E-002 -0.86264531497069219     
   4.2042042042042038E-002  -1.0696824566599668     
   4.8048048048048048E-002  -1.2719796188128827     
   5.4054054054054057E-002  -1.4696199379642936     
   6.0060060060060060E-002  -1.6626852165646464     
   6.6066066066066062E-002  -1.8512559435960767     
   7.2072072072072071E-002  -2.0354113148755255     
   7.8078078078078081E-002  -2.2152292530494697     
   8.4084084084084076E-002  -2.3907864272848864     
   9.0090090090090086E-002  -2.5621582726612022     
   9.6096096096096095E-002  -2.7294190092674926     
  0.10210210210210210       -2.8926416610095553     
  0.10810810810810811       -3.0518980741311417     
  0.11411411411411411       -3.2072589354536798     
  0.12012012012012012       -3.3587937903387108     
  0.12612612612612611       -3.5065710603772264     
  0.13213213213213212       -3.6506580608100401     
  0.13813813813813813       -3.7911210176832055     
  0.14414414414414414       -3.9280250847425267     
  0.15015015015015015       -4.0614343600710097     
  0.15615615615615616       -4.1914119024732504     
  0.16216216216216217       -4.3180197476104434     
  0.16816816816816815       -4.4413189238898614     
  0.17417417417417416       -4.5613694681124812     
  0.18018018018018017       -4.6782304408823805     
  0.18618618618618618       -4.7919599417815126     
  0.19219219219219219       -4.9026151243134191     
  0.19819819819819820       -5.0102522106193321     
  0.20420420420420421       -5.1149265059700877     
  0.21021021021021022       -5.2166924130373031     
  0.21621621621621623       -5.3156034459470360     
  0.22222222222222221       -5.4117122441193297     
  0.22822822822822822       -5.5050705858967541     
  0.23423423423423423       -5.5957294019652224     
  0.24024024024024024       -5.6837387885701744     
  0.24624624624624625       -5.7691480205311922     
  0.25225225225225223       -5.8520055640581479     
  0.25825825825825827       -5.9323590893718130     
  0.26426426426426425       -6.0102554831319521     
  0.27027027027027029       -6.0857408606757195     
  0.27627627627627627       -6.1588605780693184     
  0.28228228228228230       -6.2296592439756449     
  0.28828828828828829       -6.2981807313407927     
  0.29429429429429427       -6.3644681889020545     
  0.30030030030030030       -6.4285640525202004     
  0.30630630630630629       -6.4905100563386258     
  0.31231231231231232       -6.5503472437720225     
  0.31831831831831831       -6.6081159783271328     
  0.32432432432432434       -6.6638559542581017     
  0.33033033033033032       -6.7176062070589841     
  0.33633633633633631       -6.7694051237957842     
  0.34234234234234234       -6.8192904532805327     
  0.34834834834834832       -6.8672993160897429     
  0.35435435435435436       -6.9134682144296011     
  0.36036036036036034       -6.9578330418501997     
  0.36636636636636638       -7.0004290928111450     
  0.37237237237237236       -7.0412910721007238     
  0.37837837837837840       -7.0804531041108607     
  0.38438438438438438       -7.1179487419700651     
  0.39039039039039036       -7.1538109765365157     
  0.39639639639639640       -7.1880722452533536     
  0.40240240240240238       -7.2207644408683249     
  0.40840840840840842       -7.2519189200197740     
  0.41441441441441440       -7.2815665116910697     
  0.42042042042042044       -7.3097375255353709     
  0.42642642642642642       -7.3364617600727859     
  0.43243243243243246       -7.3617685107617596     
  0.43843843843843844       -7.3856865779466903     
  0.44444444444444442       -7.4082442746835824     
  0.45045045045045046       -7.4294694344455694     
  0.45645645645645644       -7.4493894187102150     
  0.46246246246246248       -7.4680311244302606     
  0.46846846846846846       -7.4854209913896961     
  0.47447447447447449       -7.5015850094467860     
  0.48048048048048048       -7.5165487256658805     
  0.48648648648648646       -7.5303372513395601     
  0.49249249249249250       -7.5429752689029028     
  0.49849849849849848       -7.5544870387414171     
  0.50450450450450446       -7.5648964058942987     
  0.51051051051051055       -7.5742268066545702     
  0.51651651651651653       -7.5825012750676981     
  0.52252252252252251       -7.5897424493301902     
  0.52852852852852850       -7.5959725780897029     
  0.53453453453453448       -7.6012135266481762     
  0.54054054054054057       -7.6054867830694048     
  0.54654654654654655       -7.6088134641925791     
  0.55255255255255253       -7.6112143215531400     
  0.55855855855855852       -7.6127097472123957     
  0.56456456456456461       -7.6133197794972851     
  0.57057057057057059       -7.6130641086516491     
  0.57657657657657657       -7.6119620824003205     
  0.58258258258258255       -7.6100327114273991     
  0.58858858858858853       -7.6072946747699950     
  0.59459459459459463       -7.6037663251287144     
  0.60060060060060061       -7.5994656940961596     
  0.60660660660660659       -7.5944104973047040     
  0.61261261261261257       -7.5886181394947299     
  0.61861861861861867       -7.5821057195045745     
  0.62462462462462465       -7.5748900351833424     
  0.63063063063063063       -7.5669875882277893     
  0.63663663663663661       -7.5584145889443883     
  0.64264264264264259       -7.5491869609377629     
  0.64864864864864868       -7.5393203457265567     
  0.65465465465465467       -7.5288301072878783     
  0.66066066066066065       -7.5177313365314005     
  0.66666666666666663       -7.5060388557041628     
  0.67267267267267261       -7.4937672227271568     
  0.67867867867867870       -7.4809307354647077     
  0.68468468468468469       -7.4675434359277038     
  0.69069069069069067       -7.4536191144116364     
  0.69669669669669665       -7.4391713135704975     
  0.70270270270270274       -7.4242133324274464     
  0.70870870870870872       -7.4087582303232793     
  0.71471471471471471       -7.3928188308035692     
  0.72072072072072069       -7.3764077254454836     
  0.72672672672672667       -7.3595372776251482     
  0.73273273273273276       -7.3422196262264805     
  0.73873873873873874       -7.3244666892923895     
  0.74474474474474472       -7.3062901676191983     
  0.75075075075075071       -7.2877015482951757     
  0.75675675675675680       -7.2687121081840296     
  0.76276276276276278       -7.2493329173541641     
  0.76876876876876876       -7.2295748424545865     
  0.77477477477477474       -7.2094485500382151     
  0.78078078078078073       -7.1889645098334389     
  0.78678678678678682       -7.1681329979646922     
  0.79279279279279280       -7.1469641001228155     
  0.79879879879879878       -7.1254677146859988     
  0.80480480480480476       -7.1036535557920280     
  0.81081081081081086       -7.0815311563625958     
  0.81681681681681684       -7.0591098710804072     
  0.82282282282282282       -7.0363988793197807     
  0.82882882882882880       -7.0134071880315005     
  0.83483483483483478       -6.9901436345825534     
  0.84084084084084088       -6.9666168895515002     
  0.84684684684684686       -6.9428354594801203     
  0.85285285285285284       -6.9188076895820059     
  0.85885885885885882       -6.8945417664087829     
  0.86486486486486491       -6.8700457204745673     
  0.87087087087087089       -6.8453274288393446     
  0.87687687687687688       -6.8203946176518446     
  0.88288288288288286       -6.7952548646525823     
  0.88888888888888884       -6.7699156016376394     
  0.89489489489489493       -6.7443841168837961     
  0.90090090090090091       -6.7186675575356167     
  0.90690690690690690       -6.6927729319550515     
  0.91291291291291288       -6.6667071120341381     
  0.91891891891891886       -6.6404768354713699     
  0.92492492492492495       -6.6140887080122859     
  0.93093093093093093       -6.5875492056548142     
  0.93693693693693691       -6.5608646768199455     
  0.94294294294294290       -6.5340413444882142     
  0.94894894894894899       -6.5070853083025693     
  0.95495495495495497       -6.4800025466381141     
  0.96096096096096095       -6.4527989186392087     
  0.96696696696696693       -6.4254801662244860     
  0.97297297297297292       -6.3980519160602300     
  0.97897897897897901       -6.3705196815026088     
  0.98498498498498499       -6.3428888645092645     
  0.99099099099099097       -6.3151647575206908     
  0.99699699699699695       -6.2873525453119008     
   1.0030030030030030       -6.2594573068148085     
   1.0090090090090089       -6.2314840169118000     
   1.0150150150150150       -6.2034375482009114     
   1.0210210210210211       -6.1753226727330857     
   1.0270270270270270       -6.1471440637218757     
   1.0330330330330331       -6.1189062972260961     
   1.0390390390390389       -6.0906138538057801     
   1.0450450450450450       -6.0622711201518555     
   1.0510510510510511       -6.0338823906899899     
   1.0570570570570570       -6.0054518691589500     
   1.0630630630630631       -5.9769836701638859     
   1.0690690690690690       -5.9484818207049432     
   1.0750750750750750       -5.9199502616815565     
   1.0810810810810811       -5.8913928493728083     
   1.0870870870870870       -5.8628133568942333     
   1.0930930930930931       -5.8342154756313995     
   1.0990990990990992       -5.8056028166506790     
   1.1051051051051051       -5.7769789120874853     
   1.1111111111111112       -5.7483472165123946     
   1.1171171171171170       -5.7197111082754484     
   1.1231231231231231       -5.6910738908289895     
   1.1291291291291292       -5.6624387940293612     
   1.1351351351351351       -5.6338089754177956     
   1.1411411411411412       -5.6051875214808033     
   1.1471471471471471       -5.5765774488904034     
   1.1531531531531531       -5.5479817057244727     
   1.1591591591591592       -5.5194031726675554     
   1.1651651651651651       -5.4908446641924042     
   1.1711711711711712       -5.4623089297225693     
   1.1771771771771771       -5.4337986547763357     
   1.1831831831831832       -5.4053164620922569     
   1.1891891891891893       -5.3768649127366217     
   1.1951951951951951       -5.3484465071931089     
   1.2012012012012012       -5.3200636864348843     
   1.2072072072072071       -5.2917188329794556     
   1.2132132132132132       -5.2634142719265151     
   1.2192192192192193       -5.2351522719790582     
   1.2252252252252251       -5.2069350464480255     
   1.2312312312312312       -5.1787647542407065     
   1.2372372372372373       -5.1506435008332065     
   1.2432432432432432       -5.1225733392271655     
   1.2492492492492493       -5.0945562708910090     
   1.2552552552552552       -5.0665942466859724     
   1.2612612612612613       -5.0386891677770924     
   1.2672672672672673       -5.0108428865294758     
   1.2732732732732732       -4.9830572073899910     
   1.2792792792792793       -4.9553338877546604     
   1.2852852852852852       -4.9276746388219683     
   1.2912912912912913       -4.9000811264322843     
   1.2972972972972974       -4.8725549718936412     
   1.3033033033033032       -4.8450977527940653     
   1.3093093093093093       -4.8177110038006612     
   1.3153153153153152       -4.7903962174456929     
   1.3213213213213213       -4.7631548448998098     
   1.3273273273273274       -4.7359882967326685     
   1.3333333333333333       -4.7088979436611123     
   1.3393393393393394       -4.6818851172851170     
   1.3453453453453452       -4.6549511108116972     
   1.3513513513513513       -4.6280971797669466     
   1.3573573573573574       -4.6013245426964087     
   1.3633633633633633       -4.5746343818539614     
   1.3693693693693694       -4.5480278438793826     
   1.3753753753753755       -4.5215060404647840     
   1.3813813813813813       -4.4950700490100939     
   1.3873873873873874       -4.4687209132677239     
   1.3933933933933933       -4.4424596439766493     
   1.3993993993993994       -4.4162872194860077     
   1.4054054054054055       -4.3902045863684176     
   1.4114114114114114       -4.3642126600231697     
   1.4174174174174174       -4.3383123252694284     
   1.4234234234234233       -4.3125044369296512     
   1.4294294294294294       -4.2867898204033059     
   1.4354354354354355       -4.2611692722311068     
   1.4414414414414414       -4.2356435606498808     
   1.4474474474474475       -4.2102134261382123     
   1.4534534534534533       -4.1848795819530284     
   1.4594594594594594       -4.1596427146572497     
   1.4654654654654655       -4.1345034846386541     
   1.4714714714714714       -4.1094625266200966     
   1.4774774774774775       -4.0845204501612047     
   1.4834834834834836       -4.0596778401517071     
   1.4894894894894894       -4.0349352572965076     
   1.4954954954954955       -4.0102932385926326     
   1.5015015015015014       -3.9857522977982121     
   1.5075075075075075       -3.9613129258935662     
   1.5135135135135136       -3.9369755915345728     
   1.5195195195195195       -3.9127407414984132     
   1.5255255255255256       -3.8886088011218041     
   1.5315315315315314       -3.8645801747318744     
   1.5375375375375375       -3.8406552460697529     
   1.5435435435435436       -3.8168343787070231     
   1.5495495495495495       -3.7931179164551430     
   1.5555555555555556       -3.7695061837679242     
   1.5615615615615615       -3.7459994861372112     
   1.5675675675675675       -3.7225981104818477     
   1.5735735735735736       -3.6993023255300401     
   1.5795795795795795       -3.6761123821952264     
   1.5855855855855856       -3.6530285139455434     
   1.5915915915915915       -3.6300509371670198     
   1.5975975975975976       -3.6071798515205513     
   1.6036036036036037       -3.5844154402928026     
   1.6096096096096095       -3.5617578707411011     
   1.6156156156156156       -3.5392072944324231     
   1.6216216216216217       -3.5167638475765850     
   1.6276276276276276       -3.4944276513537114     
   1.6336336336336337       -3.4721988122360661     
   1.6396396396396395       -3.4500774223043704     
   1.6456456456456456       -3.4280635595586504     
   1.6516516516516517       -3.4061572882237390     
   1.6576576576576576       -3.3843586590494952     
   1.6636636636636637       -3.3626677096058297     
   1.6696696696696696       -3.3410844645726292     
   1.6756756756756757       -3.3196089360246477     
   1.6816816816816818       -3.2982411237114500     
   1.6876876876876876       -3.2769810153324941     
   1.6936936936936937       -3.2558285868074157     
   1.6996996996996996       -3.2347838025416040     
   1.7057057057057057       -3.2138466156871375     
   1.7117117117117118       -3.1930169683991609     
   1.7177177177177176       -3.1722947920877633     
   1.7237237237237237       -3.1516800076654428     
   1.7297297297297298       -3.1311725257902276     
   1.7357357357357357       -3.1107722471045109     
   1.7417417417417418       -3.0904790624696790     
   1.7477477477477477       -3.0702928531966087     
   1.7537537537537538       -3.0502134912720704     
   1.7597597597597598       -3.0302408395811389     
   1.7657657657657657       -3.0103747521256570     
   1.7717717717717718       -2.9906150742388049     
   1.7777777777777777       -2.9709616427958703     
   1.7837837837837838       -2.9514142864212483     
   1.7897897897897899       -2.9319728256917523     
   1.7957957957957957       -2.9126370733362825     
   1.8018018018018018       -2.8934068344319201     
   1.8078078078078077       -2.8742819065965080     
   1.8138138138138138       -2.8552620801777544     
   1.8198198198198199       -2.8363471384389434     
   1.8258258258258258       -2.8175368577412887     
   1.8318318318318318       -2.7988310077229879     
   1.8378378378378377       -2.7802293514750396     
   1.8438438438438438       -2.7617316457138630     
   1.8498498498498499       -2.7433376409507866     
   1.8558558558558558       -2.7250470816584396     
   1.8618618618618619       -2.7068597064341127     
   1.8678678678678680       -2.6887752481601330     
   1.8738738738738738       -2.6707934341612893     
   1.8798798798798799       -2.6529139863593758     
   1.8858858858858858       -2.6351366214248904     
   1.8918918918918919       -2.6174610509259297     
   1.8978978978978980       -2.5998869814743388     
   1.9039039039039038       -2.5824141148691520     
   1.9099099099099099       -2.5650421482373691     
   1.9159159159159158       -2.5477707741721161     
   1.9219219219219219       -2.5305996808682276     
   1.9279279279279280       -2.5135285522552970     
   1.9339339339339339       -2.4965570681282392     
   1.9399399399399400       -2.4796849042753899     
   1.9459459459459458       -2.4629117326042103     
   1.9519519519519519       -2.4462372212646102     
   1.9579579579579580       -2.4296610347699428     
   1.9639639639639639       -2.4131828341157062     
   1.9699699699699700       -2.3968022768959920     
   1.9759759759759759       -2.3805190174177122     
   1.9819819819819819       -2.3643327068126441     
   1.9879879879879880       -2.3482429931473372     
   1.9939939939939939       -2.3322495215309047     
   2.0000000000000000       -2.3163519342207377     
   2.0060060060060061       -2.3005498707261864     
   2.0120120120120122       -2.2848429679102344     
   2.0180180180180178       -2.2692308600891948     
   2.0240240240240239       -2.2537131791304668     
   2.0300300300300300       -2.2382895545483934     
   2.0360360360360361       -2.2229596135982366     
   2.0420420420420422       -2.2077229813683052     
   2.0480480480480479       -2.1925792808702766     
   2.0540540540540539       -2.1775281331277303     
   2.0600600600600600       -2.1625691572629306     
   2.0660660660660661       -2.1477019705818847     
   2.0720720720720722       -2.1329261886577071     
   2.0780780780780779       -2.1182414254123145     
   2.0840840840840840       -2.1036472931964831     
   2.0900900900900901       -2.0891434028682987     
   2.0960960960960962       -2.0747293638700244     
   2.1021021021021022       -2.0604047843033975     
   2.1081081081081079       -2.0461692710034187     
   2.1141141141141140       -2.0320224296106120     
   2.1201201201201201       -2.0179638646418274     
   2.1261261261261262       -2.0039931795595756     
   2.1321321321321323       -1.9901099768399393     
   2.1381381381381379       -1.9763138580390747     
   2.1441441441441440       -1.9626044238583358     
   2.1501501501501501       -1.9489812742080437     
   2.1561561561561562       -1.9354440082699123     
   2.1621621621621623       -1.9219922245581726     
   2.1681681681681679       -1.9086255209794021     
   2.1741741741741740       -1.8953434948910823     
   2.1801801801801801       -1.8821457431589237     
   2.1861861861861862       -1.8690318622129569     
   2.1921921921921923       -1.8560014481024234     
   2.1981981981981984       -1.8430540965494824     
   2.2042042042042040       -1.8301894030017576     
   2.2102102102102101       -1.8174069626837428     
   2.2162162162162162       -1.8047063706470825     
   2.2222222222222223       -1.7920872218197539     
   2.2282282282282284       -1.7795491110541617     
   2.2342342342342341       -1.7670916331741657     
   2.2402402402402402       -1.7547143830210699     
   2.2462462462462462       -1.7424169554985782     
   2.2522522522522523       -1.7301989456167381     
   2.2582582582582584       -1.7180599485348964     
   2.2642642642642641       -1.7059995596036805     
   2.2702702702702702       -1.6940173744060083     
   2.2762762762762763       -1.6821129887971795     
   2.2822822822822824       -1.6702859989440237     
   2.2882882882882885       -1.6585360013631423     
   2.2942942942942941       -1.6468625929582685     
   2.3003003003003002       -1.6352653710567351     
   2.3063063063063063       -1.6237439334450965     
   2.3123123123123124       -1.6122978784038915     
   2.3183183183183185       -1.6009268047415812     
   2.3243243243243241       -1.5896303118276727     
   2.3303303303303302       -1.5784079996250329     
   2.3363363363363363       -1.5672594687214219     
   2.3423423423423424       -1.5561843203602521     
   2.3483483483483485       -1.5451821564705843     
   2.3543543543543541       -1.5342525796963769     
   2.3603603603603602       -1.5233951934250067     
   2.3663663663663663       -1.5126096018150708     
   2.3723723723723724       -1.5018954098234729     
   2.3783783783783785       -1.4912522232318268     
   2.3843843843843842       -1.4806796486721721     
   2.3903903903903903       -1.4701772936520183     
   2.3963963963963963       -1.4597447665787429     
   2.4024024024024024       -1.4493816767833305     
   2.4084084084084085       -1.4390876345434904     
   2.4144144144144142       -1.4288622511061464     
   2.4204204204204203       -1.4187051387093119     
   2.4264264264264264       -1.4086159106033804     
   2.4324324324324325       -1.3985941810718134     
   2.4384384384384385       -1.3886395654512540     
   2.4444444444444446       -1.3787516801510813     
   2.4504504504504503       -1.3689301426724003     
   2.4564564564564564       -1.3591745716264851     
   2.4624624624624625       -1.3494845867526961     
   2.4684684684684686       -1.3398598089358609     
   2.4744744744744747       -1.3302998602231417     
   2.4804804804804803       -1.3208043638404021     
   2.4864864864864864       -1.3113729442080646     
   2.4924924924924925       -1.3020052269564959     
   2.4984984984984986       -1.2927008389409009     
   2.5045045045045047       -1.2834594082557522     
   2.5105105105105103       -1.2742805642487596     
   2.5165165165165164       -1.2651639375343848     
   2.5225225225225225       -1.2561091600069163     
   2.5285285285285286       -1.2471158648531064     
   2.5345345345345347       -1.2381836865643832     
   2.5405405405405403       -1.2293122609486433     
   2.5465465465465464       -1.2205012251416312     
   2.5525525525525525       -1.2117502176179245     
   2.5585585585585586       -1.2030588782015130     
   2.5645645645645647       -1.1944268480760010     
   2.5705705705705704       -1.1858537697944234     
   2.5765765765765765       -1.1773392872886870     
   2.5825825825825826       -1.1688830458786601     
   2.5885885885885886       -1.1604846922808840     
   2.5945945945945947       -1.1521438746169548     
   2.6006006006006004       -1.1438602424215418     
   2.6066066066066065       -1.1356334466500824     
   2.6126126126126126       -1.1274631396861432     
   2.6186186186186187       -1.1193489753484482     
   2.6246246246246248       -1.1112906088976058     
   2.6306306306306304       -1.1032876970425076     
   2.6366366366366365       -1.0953398979464308     
   2.6426426426426426       -1.0874468712328484     
   2.6486486486486487       -1.0796082779909262     
   2.6546546546546548       -1.0718237807807569     
   2.6606606606606604       -1.0640930436382940     
   2.6666666666666665       -1.0564157320800194     
   2.6726726726726726       -1.0487915131073429     
   2.6786786786786787       -1.0412200552107280     
   2.6846846846846848       -1.0337010283735724     
   2.6906906906906904       -1.0262341040758192     
   2.6966966966966965       -1.0188189552973326     
   2.7027027027027026       -1.0114552565210273     
   2.7087087087087087       -1.0041426837357539     
   2.7147147147147148      -0.99688091443896176     
   2.7207207207207209      -0.98966962763911959     
   2.7267267267267266      -0.98250850385793087     
   2.7327327327327327      -0.97539722513231331     
   2.7387387387387387      -0.96833547501617268     
   2.7447447447447448      -0.96132293858197171     
   2.7507507507507509      -0.95435930242208289     
   2.7567567567567566      -0.94744425464994986     
   2.7627627627627627      -0.94057748490104942     
   2.7687687687687688      -0.93375868433365905     
   2.7747747747747749      -0.92698754562944663     
   2.7807807807807809      -0.92026376299386148     
   2.7867867867867866      -0.91358703215636150     
   2.7927927927927927      -0.90695705037045127     
   2.7987987987987988      -0.90037351641355834     
   2.8048048048048049      -0.89383613058674061     
   2.8108108108108110      -0.88734459471422034     
   2.8168168168168166      -0.88089861214277421     
   2.8228228228228227      -0.87449788774094839     
   2.8288288288288288      -0.86814212789813661     
   2.8348348348348349      -0.86183104052350124     
   2.8408408408408410      -0.85556433504474361     
   2.8468468468468466      -0.84934172240674577     
   2.8528528528528527      -0.84316291507005692     
   2.8588588588588588      -0.83702762700925326     
   2.8648648648648649      -0.83093557371116777     
   2.8708708708708710      -0.82488647217297706     
   2.8768768768768767      -0.81888004090017907     
   2.8828828828828827      -0.81291599990443209     
   2.8888888888888888      -0.80699407070128060     
   2.8948948948948949      -0.80111397630776682     
   2.9009009009009010      -0.79527544123991800     
   2.9069069069069067      -0.78947819151013232     
   2.9129129129129128      -0.78372195462444483     
   2.9189189189189189      -0.77800645957969772     
   2.9249249249249250      -0.77233143686060290     
   2.9309309309309310      -0.76669661843669690     
   2.9369369369369367      -0.76110173775921197     
   2.9429429429429428      -0.75554652975783509     
   2.9489489489489489      -0.75003073083738570     
   2.9549549549549550      -0.74455407887439973     
   2.9609609609609611      -0.73911631321361759     
   2.9669669669669672      -0.73371717466440045     
   2.9729729729729728      -0.72835640549704794     
   2.9789789789789789      -0.72303374943904253     
   2.9849849849849850      -0.71774895167121744     
   2.9909909909909911      -0.71250175882383593     
   2.9969969969969972      -0.70729191897261012     
   3.0030030030030028      -0.70211918163463516     
   3.0090090090090089      -0.69698329776425738     
   3.0150150150150150      -0.69188401974887836     
   3.0210210210210211      -0.68682110140468233     
   3.0270270270270272      -0.68179429797230928     
   3.0330330330330328      -0.67680336611245540     
   3.0390390390390389      -0.67184806390142138     
   3.0450450450450450      -0.66692815082659762     
   3.0510510510510511      -0.66204338778189042     
   3.0570570570570572      -0.65719353706309858     
   3.0630630630630629      -0.65237836236322844     
   3.0690690690690690      -0.64759762876776394     
   3.0750750750750750      -0.64285110274988522     
   3.0810810810810811      -0.63813855216563253     
   3.0870870870870872      -0.63345974624903356     
   3.0930930930930929      -0.62881445560717519     
   3.0990990990990990      -0.62420245221523740     
   3.1051051051051051      -0.61962350941148625     
   3.1111111111111112      -0.61507740189221760     
   3.1171171171171173      -0.61056390570667396     
   3.1231231231231229      -0.60608279825191202     
   3.1291291291291290      -0.60163385826763904     
   3.1351351351351351      -0.59721686583101741     
   3.1411411411411412      -0.59283160235142707     
   3.1471471471471473      -0.58847785056520507     
   3.1531531531531529      -0.58415539453034515     
   3.1591591591591590      -0.57986401962117362     
   3.1651651651651651      -0.57560351252299746     
   3.1711711711711712      -0.57137366122671862     
   3.1771771771771773      -0.56717425502343044     
   3.1831831831831829      -0.56300508449898101     
   3.1891891891891890      -0.55886594152852020     
   3.1951951951951951      -0.55475661927102160     
   3.2012012012012012      -0.55067691216377856     
   3.2072072072072073      -0.54662661591688844     
   3.2132132132132134      -0.54260552750770874     
   3.2192192192192191      -0.53861344517530341     
   3.2252252252252251      -0.53465016841486424     
   3.2312312312312312      -0.53071549797212048     
   3.2372372372372373      -0.52680923583773520     
   3.2432432432432434      -0.52293118524168025     
   3.2492492492492491      -0.51908115064760663     
   3.2552552552552552      -0.51525893774719433     
   3.2612612612612613      -0.51146435345449703     
   3.2672672672672673      -0.50769720590027489     
   3.2732732732732734      -0.50395730442631259     
   3.2792792792792791      -0.50024445957973751     
   3.2852852852852852      -0.49655848310732070     
   3.2912912912912913      -0.49289918794977727     
   3.2972972972972974      -0.48926638823605889     
   3.3033033033033035      -0.48565989927763636     
   3.3093093093093091      -0.48207953756278532     
   3.3153153153153152      -0.47852512075086018     
   3.3213213213213213      -0.47499646766656800     
   3.3273273273273274      -0.47149339829424280     
   3.3333333333333335      -0.46801573377211020     
   3.3393393393393391      -0.46456329638655997     
   3.3453453453453452      -0.46113590956640987     
   3.3513513513513513      -0.45773339787717410     
   3.3573573573573574      -0.45435558701533324     
   3.3633633633633635      -0.45100230380260087     
   3.3693693693693691      -0.44767337618019803     
   3.3753753753753752      -0.44436863320312375     
   3.3813813813813813      -0.44108790503443490     
   3.3873873873873874      -0.43783102293952658     
   3.3933933933933935      -0.43459781928041558     
   3.3993993993993992      -0.43138812751003280     
   3.4054054054054053      -0.42820178216651567     
   3.4114114114114114      -0.42503861886751060     
   3.4174174174174174      -0.42189847430448180     
   3.4234234234234235      -0.41878118623702193     
   3.4294294294294292      -0.41568659348717757     
   3.4354354354354353      -0.41261453593377612     
   3.4414414414414414      -0.40956485450676344     
   3.4474474474474475      -0.40653739118155285     
   3.4534534534534536      -0.40353198897337678     
   3.4594594594594597      -0.40054849193165570     
   3.4654654654654653      -0.39758674513437076     
   3.4714714714714714      -0.39464659468244928     
   3.4774774774774775      -0.39172788769416361     
   3.4834834834834836      -0.38883047229953538     
   3.4894894894894897      -0.38595419763475763     
   3.4954954954954953      -0.38309891383662315     
   3.5015015015015014      -0.38026447203696906     
   3.5075075075075075      -0.37745072435713384     
   3.5135135135135136      -0.37465752390242402     
   3.5195195195195197      -0.37188472475659862     
   3.5255255255255253      -0.36913218197636305     
   3.5315315315315314      -0.36639975158587984     
   3.5375375375375375      -0.36368729057129390     
   3.5435435435435436      -0.36099465687526799     
   3.5495495495495497      -0.35832170939153979     
   3.5555555555555554      -0.35566830795948767     
   3.5615615615615615      -0.35303431335871510     
   3.5675675675675675      -0.35041958730365214     
   3.5735735735735736      -0.34782399243816731     
   3.5795795795795797      -0.34524739233020296     
   3.5855855855855854      -0.34268965146642033     
   3.5915915915915915      -0.34015063524686462     
   3.5975975975975976      -0.33763020997964838     
   3.6036036036036037      -0.33512824287564696     
   3.6096096096096097      -0.33264460204321683     
   3.6156156156156154      -0.33017915648292678     
   3.6216216216216215      -0.32773177608230952     
   3.6276276276276276      -0.32530233161063143     
   3.6336336336336337      -0.32289069471367737     
   3.6396396396396398      -0.32049673790855804     
   3.6456456456456454      -0.31812033457853078     
   3.6516516516516515      -0.31576135896784363     
   3.6576576576576576      -0.31341968617659588     
   3.6636636636636637      -0.31109519215561604     
   3.6696696696696698      -0.30878775370136335     
   3.6756756756756754      -0.30649724845084297     
   3.6816816816816815      -0.30422355487654446     
   3.6876876876876876      -0.30196655228139951     
   3.6936936936936937      -0.29972612079375566     
   3.6996996996996998      -0.29750214136237546     
   3.7057057057057055      -0.29529449575144978     
   3.7117117117117115      -0.29310306653563462     
   3.7177177177177176      -0.29092773709510800     
   3.7237237237237237      -0.28876839161064438     
   3.7297297297297298      -0.28662491505871240     
   3.7357357357357359      -0.28449719320659050     
   3.7417417417417416      -0.28238511260750576     
   3.7477477477477477      -0.28028856059578960     
   3.7537537537537538      -0.27820742528205772     
   3.7597597597597598      -0.27614159554840928     
   3.7657657657657659      -0.27409096104364550     
   3.7717717717717716      -0.27205541217851220     
   3.7777777777777777      -0.27003484012095991     
   3.7837837837837838      -0.26802913679142754     
   3.7897897897897899      -0.26603819485814639     
   3.7957957957957960      -0.26406190773246346     
   3.8018018018018016      -0.26210016956419019     
   3.8078078078078077      -0.26015287523696667     
   3.8138138138138138      -0.25821992036365171     
   3.8198198198198199      -0.25630120128173373     
   3.8258258258258260      -0.25439661504875904     
   3.8318318318318316      -0.25250605943778709     
   3.8378378378378377      -0.25062943293286283     
   3.8438438438438438      -0.24876663472451216     
   3.8498498498498499      -0.24691756470525969     
   3.8558558558558560      -0.24508212346516514     
   3.8618618618618616      -0.24326021228738606     
   3.8678678678678677      -0.24145173314375576     
   3.8738738738738738      -0.23965658869038786     
   3.8798798798798799      -0.23787468226330163     
   3.8858858858858860      -0.23610591787406526     
   3.8918918918918917      -0.23435020020546643     
   3.8978978978978978      -0.23260743460719832     
   3.9039039039039038      -0.23087752709157200     
   3.9099099099099099      -0.22916038432924854     
   3.9159159159159160      -0.22745591364499221     
   3.9219219219219217      -0.22576402301344600     
   3.9279279279279278      -0.22408462105492791     
   3.9339339339339339      -0.22241761703125018     
   3.9399399399399400      -0.22076292084155880     
   3.9459459459459461      -0.21912044301819397     
   3.9519519519519517      -0.21749009472257513     
   3.9579579579579578      -0.21587178774110277     
   3.9639639639639639      -0.21426543448108545     
   3.9699699699699700      -0.21267094796668801     
   3.9759759759759761      -0.21108824183489788     
   3.9819819819819822      -0.20951723033151703     
   3.9879879879879878      -0.20795782830717260     
   3.9939939939939939      -0.20640995121334910     
   4.0000000000000000      -0.20487351509844315     
   4.0060060060060056      -0.20334843660383861     
   4.0120120120120122      -0.20183463296000204     
   4.0180180180180178      -0.20033202198260180     
   4.0240240240240244      -0.19884052206864508     
   4.0300300300300300      -0.19736005219263994     
   4.0360360360360357      -0.19589053190277375     
   4.0420420420420422      -0.19443188131711656     
   4.0480480480480479      -0.19298402111984461     
   4.0540540540540544      -0.19154687255748212     
   4.0600600600600600      -0.19012035743516845     
   4.0660660660660657      -0.18870439811294148     
   4.0720720720720722      -0.18729891750204511     
   4.0780780780780779      -0.18590383906125646     
   4.0840840840840844      -0.18451908679323312     
   4.0900900900900901      -0.18314458524088198     
   4.0960960960960957      -0.18178025948374746     
   4.1021021021021022      -0.18042603513442201     
   4.1081081081081079      -0.17908183833497571     
   4.1141141141141144      -0.17774759575340565     
   4.1201201201201201      -0.17642323458010903     
   4.1261261261261257      -0.17510868252437140     
   4.1321321321321323      -0.17380386781087939     
   4.1381381381381379      -0.17250871917625285     
   4.1441441441441444      -0.17122316586559450     
   4.1501501501501501      -0.16994713762906294     
   4.1561561561561557      -0.16868056471846385     
   4.1621621621621623      -0.16742337788386102     
   4.1681681681681679      -0.16617550837020845     
   4.1741741741741745      -0.16493688791400085     
   4.1801801801801801      -0.16370744873994494     
   4.1861861861861858      -0.16248712355764944     
   4.1921921921921923      -0.16127584555833516     
   4.1981981981981980      -0.16007354841156582     
   4.2042042042042045      -0.15888016626199494     
   4.2102102102102101      -0.15769563372613657     
   4.2162162162162158      -0.15651988588915103     
   4.2222222222222223      -0.15535285830165271     
   4.2282282282282280      -0.15419448697653707     
   4.2342342342342345      -0.15304470838582393     
   4.2402402402402402      -0.15190345945752348     
   4.2462462462462458      -0.15077067757251811     
   4.2522522522522523      -0.14964630056146547     
   4.2582582582582580      -0.14853026670171890     
   4.2642642642642645      -0.14742251471426637     
   4.2702702702702702      -0.14632298376069020     
   4.2762762762762758      -0.14523161344014207     
   4.2822822822822824      -0.14414834378633926     
   4.2882882882882880      -0.14307311526457869     
   4.2942942942942945      -0.14200586876876772     
   4.3003003003003002      -0.14094654561847558     
   4.3063063063063058      -0.13989508755600139     
   4.3123123123123124      -0.13885143674346032     
   4.3183183183183180      -0.13781553575988903     
   4.3243243243243246      -0.13678732759836765     
   4.3303303303303302      -0.13576675566316052     
   4.3363363363363359      -0.13475376376687387     
   4.3423423423423424      -0.13374829612763253     
   4.3483483483483480      -0.13275029736627308     
   4.3543543543543546      -0.13175971250355467     
   4.3603603603603602      -0.13077648695738872     
   4.3663663663663668      -0.12980056654008337     
   4.3723723723723724      -0.12883189745560811     
   4.3783783783783781      -0.12787042629687392     
   4.3843843843843846      -0.12691610004303047     
   4.3903903903903903      -0.12596886605678184     
   4.3963963963963968      -0.12502867208171767     
   4.4024024024024024      -0.12409546623966208     
   4.4084084084084081      -0.12316919702803901     
   4.4144144144144146      -0.12224981331725454     
   4.4204204204204203      -0.12133726434809670     
   4.4264264264264268      -0.12043149972914927     
   4.4324324324324325      -0.11953246943422588     
   4.4384384384384381      -0.11864012379981680     
   4.4444444444444446      -0.11775441352255454     
   4.4504504504504503      -0.11687528965669547     
   4.4564564564564568      -0.11600270361161587     
   4.4624624624624625      -0.11513660714932644     
   4.4684684684684681      -0.11427695238200125     
   4.4744744744744747      -0.11342369176952294     
   4.4804804804804803      -0.11257677811704452     
   4.4864864864864868      -0.11173616457256558     
   4.4924924924924925      -0.11090180462452610     
   4.4984984984984981      -0.11007365209941361     
   4.5045045045045047      -0.10925166115938757     
   4.5105105105105103      -0.10843578629991930     
   4.5165165165165169      -0.10762598234744535     
   4.5225225225225225      -0.10682220445703894     
   4.5285285285285282      -0.10602440811009399     
   4.5345345345345347      -0.10523254911202608     
   4.5405405405405403      -0.10444658358998782     
   4.5465465465465469      -0.10366646799059917     
   4.5525525525525525      -0.10289215907769267     
   4.5585585585585582      -0.10212361393007335     
   4.5645645645645647      -0.10136078993929395     
   4.5705705705705704      -0.10060364480744426     
   4.5765765765765769       -9.9852136544954631E-002
   4.5825825825825826       -9.9106223468415688E-002
   4.5885885885885882       -9.8365864198410050E-002
   4.5945945945945947       -9.7631017657360111E-002
   4.6006006006006004       -9.6901643067390200E-002
   4.6066066066066069       -9.6177699948201120E-002
   4.6126126126126126       -9.5459148114961020E-002
   4.6186186186186182       -9.4745947676208822E-002
   4.6246246246246248       -9.4038059031771759E-002
   4.6306306306306304       -9.3335442870697630E-002
   4.6366366366366369       -9.2638060169199829E-002
   4.6426426426426426       -9.1945872188616717E-002
   4.6486486486486482       -9.1258840473384201E-002
   4.6546546546546548       -9.0576926849022049E-002
   4.6606606606606604       -8.9900093420134428E-002
   4.6666666666666670       -8.9228302568421847E-002
   4.6726726726726726       -8.8561516950709185E-002
   4.6786786786786783       -8.7899699496984160E-002
   4.6846846846846848       -8.7242813408450900E-002
   4.6906906906906904       -8.6590822155596534E-002
   4.6966966966966970       -8.5943689476269083E-002
   4.7027027027027026       -8.5301379373770525E-002
   4.7087087087087083       -8.4663856114961064E-002
   4.7147147147147148       -8.4031084228377226E-002
   4.7207207207207205       -8.3403028502362114E-002
   4.7267267267267270       -8.2779653983208121E-002
   4.7327327327327327       -8.2160925973313467E-002
   4.7387387387387383       -8.1546810029349187E-002
   4.7447447447447448       -8.0937271960440274E-002
   4.7507507507507505       -8.0332277826358961E-002
   4.7567567567567570       -7.9731793935728865E-002
   4.7627627627627627       -7.9135786844243258E-002
   4.7687687687687683       -7.8544223352894210E-002
   4.7747747747747749       -7.7957070506213907E-002
   4.7807807807807805       -7.7374295590528733E-002
   4.7867867867867870       -7.6795866132224236E-002
   4.7927927927927927       -7.6221749896022803E-002
   4.7987987987987983       -7.5651914883272192E-002
   4.8048048048048049       -7.5086329330246920E-002
   4.8108108108108105       -7.4524961706460280E-002
   4.8168168168168171       -7.3967780712988082E-002
   4.8228228228228227       -7.3414755280804864E-002
   4.8288288288288284       -7.2865854569129779E-002
   4.8348348348348349       -7.2321047963785232E-002
   4.8408408408408405       -7.1780305075566722E-002
   4.8468468468468471       -7.1243595738622698E-002
   4.8528528528528527       -7.0710890008847060E-002
   4.8588588588588584       -7.0182158162281821E-002
   4.8648648648648649       -6.9657370693530715E-002
   4.8708708708708706       -6.9136498314184600E-002
   4.8768768768768771       -6.8619511951256443E-002
   4.8828828828828827       -6.8106382745628649E-002
   4.8888888888888893       -6.7597082050509322E-002
   4.8948948948948949       -6.7091581429901112E-002
   4.9009009009009006       -6.6589852657078882E-002
   4.9069069069069071       -6.6091867713079039E-002
   4.9129129129129128       -6.5597598785199440E-002
   4.9189189189189193       -6.5107018265508410E-002
   4.9249249249249250       -6.4620098749365751E-002
   4.9309309309309306       -6.4136813033952716E-002
   4.9369369369369371       -6.3657134116812994E-002
   4.9429429429429428       -6.3181035194403462E-002
   4.9489489489489493       -6.2708489660654898E-002
   4.9549549549549550       -6.2239471105543419E-002
   4.9609609609609606       -6.1773953313670728E-002
   4.9669669669669672       -6.1311910262855165E-002
   4.9729729729729728       -6.0853316122732627E-002
   4.9789789789789793       -6.0398145253366231E-002
   4.9849849849849850       -5.9946372203866866E-002
   4.9909909909909906       -5.9497971711022814E-002
   4.9969969969969972       -5.9052918697938717E-002
   5.0030030030030028       -5.8611188272684682E-002
   5.0090090090090094       -5.8172755726954385E-002
   5.0150150150150150       -5.7737596534732670E-002
   5.0210210210210207       -5.7305686350972392E-002
   5.0270270270270272       -5.6877001010280884E-002
   5.0330330330330328       -5.6451516525615225E-002
   5.0390390390390394       -5.6029209086986678E-002
   5.0450450450450450       -5.5610055060174864E-002
   5.0510510510510507       -5.5194030985449852E-002
   5.0570570570570572       -5.4781113576304115E-002
   5.0630630630630629       -5.4371279718193430E-002
   5.0690690690690694       -5.3964506467285740E-002
   5.0750750750750750       -5.3560771049219878E-002
   5.0810810810810807       -5.3160050857872426E-002
   5.0870870870870872       -5.2762323454133279E-002
   5.0930930930930929       -5.2367566564690209E-002
   5.0990990990990994       -5.1975758080821416E-002
   5.1051051051051051       -5.1586876057197494E-002
   5.1111111111111107       -5.1200898710690640E-002
   5.1171171171171173       -5.0817804419193244E-002
   5.1231231231231229       -5.0437571720444788E-002
   5.1291291291291294       -5.0060179310866128E-002
   5.1351351351351351       -4.9685606044403363E-002
   5.1411411411411407       -4.9313830931378554E-002
   5.1471471471471473       -4.8944833137349500E-002
   5.1531531531531529       -4.8578591981977517E-002
   5.1591591591591595       -4.8215086937902461E-002
   5.1651651651651651       -4.7854297629626813E-002
   5.1711711711711708       -4.7496203832406735E-002
   5.1771771771771773       -4.7140785471151754E-002
   5.1831831831831829       -4.6788022619331716E-002
   5.1891891891891895       -4.6437895497891575E-002
   5.1951951951951951       -4.6090384474174434E-002
   5.2012012012012008       -4.5745470060851327E-002
   5.2072072072072073       -4.5403132914859298E-002
   5.2132132132132130       -4.5063353836347152E-002
   5.2192192192192195       -4.4726113767627786E-002
   5.2252252252252251       -4.4391393792139112E-002
   5.2312312312312308       -4.4059175133411642E-002
   5.2372372372372373       -4.3729439154043565E-002
   5.2432432432432430       -4.3402167354683434E-002
   5.2492492492492495       -4.3077341373019738E-002
   5.2552552552552552       -4.2754942982777905E-002
   5.2612612612612608       -4.2434954092724214E-002
   5.2672672672672673       -4.2117356745677285E-002
   5.2732732732732730       -4.1802133117526181E-002
   5.2792792792792795       -4.1489265516255536E-002
   5.2852852852852852       -4.1178736380978222E-002
   5.2912912912912908       -4.0870528280974046E-002
   5.2972972972972974       -4.0564623914735982E-002
   5.3033033033033030       -4.0261006109023285E-002
   5.3093093093093096       -3.9959657817920657E-002
   5.3153153153153152       -3.9660562121905010E-002
   5.3213213213213209       -3.9363702226918429E-002
   5.3273273273273274       -3.9069061463447741E-002
   5.3333333333333330       -3.8776623285611087E-002
   5.3393393393393396       -3.8486371270250515E-002
   5.3453453453453452       -3.8198289116031688E-002
   5.3513513513513509       -3.7912360642549346E-002
   5.3573573573573574       -3.7628569789439716E-002
   5.3633633633633631       -3.7346900615499397E-002
   5.3693693693693696       -3.7067337297809824E-002
   5.3753753753753752       -3.6789864130869057E-002
   5.3813813813813809       -3.6514465525728831E-002
   5.3873873873873874       -3.6241126009138459E-002
   5.3933933933933931       -3.5969830222694774E-002
   5.3993993993993996       -3.5700562921997983E-002
   5.4054054054054053       -3.5433308975813760E-002
   5.4114114114114118       -3.5168053365241245E-002
   5.4174174174174174       -3.4904781182887437E-002
   5.4234234234234231       -3.4643477632046789E-002
   5.4294294294294296       -3.4384128025887417E-002
   5.4354354354354353       -3.4126717786643002E-002
   5.4414414414414418       -3.3871232444810127E-002
   5.4474474474474475       -3.3617657638351992E-002
   5.4534534534534531       -3.3365979111907466E-002
   5.4594594594594597       -3.3116182716005929E-002
   5.4654654654654653       -3.2868254406287968E-002
   5.4714714714714718       -3.2622180242731447E-002
   5.4774774774774775       -3.2377946388883368E-002
   5.4834834834834831       -3.2135539111097101E-002
   5.4894894894894897       -3.1894944777775332E-002
   5.4954954954954953       -3.1656149858618372E-002
   5.5015015015015019       -3.1419140923877743E-002
   5.5075075075075075       -3.1183904643615694E-002
   5.5135135135135132       -3.0950427786969322E-002
   5.5195195195195197       -3.0718697221420593E-002
   5.5255255255255253       -3.0488699912071631E-002
   5.5315315315315319       -3.0260422920924759E-002
   5.5375375375375375       -3.0033853406168366E-002
   5.5435435435435432       -2.9808978621467596E-002
   5.5495495495495497       -2.9585785915260170E-002
   5.5555555555555554       -2.9364262730057596E-002
   5.5615615615615619       -2.9144396601751013E-002
   5.5675675675675675       -2.8926175158922634E-002
   5.5735735735735732       -2.8709586122161523E-002
   5.5795795795795797       -2.8494617303384852E-002
   5.5855855855855854       -2.8281256605164045E-002
   5.5915915915915919       -2.8069492020055362E-002
   5.5975975975975976       -2.7859311629936032E-002
   5.6036036036036032       -2.7650703605344544E-002
   5.6096096096096097       -2.7443656204826177E-002
   5.6156156156156154       -2.7238157774283192E-002
   5.6216216216216219       -2.7034196746329602E-002
   5.6276276276276276       -2.6831761639650828E-002
   5.6336336336336332       -2.6630841058367782E-002
   5.6396396396396398       -2.6431423691405883E-002
   5.6456456456456454       -2.6233498311868431E-002
   5.6516516516516520       -2.6037053776414493E-002
   5.6576576576576576       -2.5842079024641727E-002
   5.6636636636636633       -2.5648563078473068E-002
   5.6696696696696698       -2.5456495041548403E-002
   5.6756756756756754       -2.5265864098620597E-002
   5.6816816816816820       -2.5076659514955562E-002
   5.6876876876876876       -2.4888870635737186E-002
   5.6936936936936933       -2.4702486885476292E-002
   5.6996996996996998       -2.4517497767423908E-002
   5.7057057057057055       -2.4333892862989061E-002
   5.7117117117117120       -2.4151661831160538E-002
   5.7177177177177176       -2.3970794407933042E-002
   5.7237237237237233       -2.3791280405737407E-002
   5.7297297297297298       -2.3613109712875075E-002
   5.7357357357357355       -2.3436272292956802E-002
   5.7417417417417420       -2.3260758184345059E-002
   5.7477477477477477       -2.3086557499601097E-002
   5.7537537537537533       -2.2913660424935436E-002
   5.7597597597597598       -2.2742057219662826E-002
   5.7657657657657655       -2.2571738215661115E-002
   5.7717717717717720       -2.2402693816833755E-002
   5.7777777777777777       -2.2234914498576678E-002
   5.7837837837837833       -2.2068390807248792E-002
   5.7897897897897899       -2.1903113359646370E-002
   5.7957957957957955       -2.1739072842481482E-002
   5.8018018018018020       -2.1576260011863906E-002
   5.8078078078078077       -2.1414665692787268E-002
   5.8138138138138133       -2.1254280778618458E-002
   5.8198198198198199       -2.1095096230591134E-002
   5.8258258258258255       -2.0937103077302930E-002
   5.8318318318318321       -2.0780292414216014E-002
   5.8378378378378377       -2.0624655403161794E-002
   5.8438438438438434       -2.0470183271848765E-002
   5.8498498498498499       -2.0316867313374301E-002
   5.8558558558558556       -2.0164698885739945E-002
   5.8618618618618621       -2.0013669411370158E-002
   5.8678678678678677       -1.9863770376634716E-002
   5.8738738738738734       -1.9714993331374445E-002
   5.8798798798798799       -1.9567329888430705E-002
   5.8858858858858856       -1.9420771723178059E-002
   5.8918918918918921       -1.9275310573060436E-002
   5.8978978978978978       -1.9130938237130909E-002
   5.9039039039039043       -1.8987646575594461E-002
   5.9099099099099099       -1.8845427509354491E-002
   5.9159159159159156       -1.8704273019562428E-002
   5.9219219219219221       -1.8564175147170653E-002
   5.9279279279279278       -1.8425125992488859E-002
   5.9339339339339343       -1.8287117714743492E-002
   5.9399399399399400       -1.8150142531640562E-002
   5.9459459459459456       -1.8014192718931534E-002
   5.9519519519519521       -1.7879260609982562E-002
   5.9579579579579578       -1.7745338595346792E-002
   5.9639639639639643       -1.7612419122339750E-002
   5.9699699699699700       -1.7480494694618102E-002
   5.9759759759759756       -1.7349557871761144E-002
   5.9819819819819822       -1.7219601268855644E-002
   5.9879879879879878       -1.7090617556083782E-002
   5.9939939939939944       -1.6962599458313750E-002
   6.0000000000000000       -1.6835539754693814E-002
