   0.0000000000000000      -0.12200581674556155     
   6.0000000000000001E-003 -0.33330204717660017     
   1.2000000000000000E-002 -0.53926788008024751     
   1.8000000000000002E-002 -0.74001347418392704     
   2.4000000000000000E-002 -0.93563496547710479     
   2.9999999999999999E-002  -1.1262468017360163     
   3.6000000000000004E-002  -1.3119997997969577     
   4.2000000000000003E-002  -1.4930403129112850     
   4.8000000000000001E-002  -1.6694412902622950     
   5.3999999999999999E-002  -1.8412812251180561     
   5.9999999999999998E-002  -2.0087045444362310     
   6.6000000000000003E-002  -2.1718471070847194     
   7.2000000000000008E-002  -2.3308107854233988     
   7.8000000000000000E-002  -2.4857079095472621     
   8.4000000000000005E-002  -2.6366679390252159     
   8.9999999999999997E-002  -2.7838397858681567     
   9.6000000000000002E-002  -2.9273705841846045     
  0.10200000000000001       -3.0672979351300853     
  0.10800000000000000       -3.2036443668445322     
  0.11400000000000000       -3.3365753861096472     
  0.12000000000000000       -3.4662360602823128     
  0.12600000000000000       -3.5926236856330220     
  0.13200000000000001       -3.7157474264541861     
  0.13800000000000001       -3.8356768752347676     
  0.14400000000000002       -3.9525048778734977     
  0.14999999999999999       -4.0663379050334569     
  0.15600000000000000       -4.1771960110415769     
  0.16200000000000001       -4.2850540055930431     
  0.16800000000000001       -4.3900335840483873     
  0.17400000000000002       -4.4922954484043380     
  0.17999999999999999       -4.5918985542104309     
  0.18600000000000000       -4.6888681832895784     
  0.19200000000000000       -4.7832165240918698     
  0.19800000000000001       -4.8749918067047879     
  0.20400000000000001       -4.9643100504491144     
  0.20999999999999999       -5.0512277298750075     
  0.21600000000000000       -5.1357272269500314     
  0.22200000000000000       -5.2178815019690745     
  0.22800000000000001       -5.2978259552165738     
  0.23400000000000001       -5.3755996910653785     
  0.23999999999999999       -5.4512001697727985     
  0.24600000000000000       -5.5246622865551718     
  0.25200000000000000       -5.5960264907727808     
  0.25800000000000001       -5.6653136254694605     
  0.26400000000000001       -5.7325887921491443     
  0.27000000000000002       -5.7980045511174474     
  0.27600000000000002       -5.8616202718099082     
  0.28200000000000003       -5.9233783887184508     
  0.28800000000000003       -5.9833088139097264     
  0.29399999999999998       -6.0415136928927708     
  0.29999999999999999       -6.0980392290940095     
  0.30599999999999999       -6.1529015177358328     
  0.31200000000000000       -6.2061224344420722     
  0.31800000000000000       -6.2577411260649978     
  0.32400000000000001       -6.3078468079995638     
  0.33000000000000002       -6.3564896779987734     
  0.33600000000000002       -6.4036182573033926     
  0.34200000000000003       -6.4492267904824310     
  0.34800000000000003       -6.4933869063716454     
  0.35399999999999998       -6.5361582811728223     
  0.35999999999999999       -6.5775792053372246     
  0.36599999999999999       -6.6176249105922835     
  0.37200000000000000       -6.6562520184445688     
  0.37800000000000000       -6.6935696561452858     
  0.38400000000000001       -6.7296979905756160     
  0.39000000000000001       -6.7645910194009780     
  0.39600000000000002       -6.7982186789101959     
  0.40200000000000002       -6.8306663271545442     
  0.40800000000000003       -6.8619811892191365     
  0.41400000000000003       -6.8921361616831831     
  0.41999999999999998       -6.9211338270333229     
  0.42599999999999999       -6.9490099235330423     
  0.43200000000000000       -6.9758026739516126     
  0.43800000000000000       -7.0015460568711667     
  0.44400000000000001       -7.0262433178165189     
  0.45000000000000001       -7.0498955946351032     
  0.45600000000000002       -7.0725412268292036     
  0.46200000000000002       -7.0942182585859506     
  0.46800000000000003       -7.1149433786387881     
  0.47400000000000003       -7.1347229459498127     
  0.47999999999999998       -7.1535547419150625     
  0.48599999999999999       -7.1714743439611652     
  0.49199999999999999       -7.1885488797010044     
  0.49800000000000000       -7.2047797677906971     
  0.50400000000000000       -7.2201357360425789     
  0.51000000000000001       -7.2346529402696138     
  0.51600000000000001       -7.2483815792042243     
  0.52200000000000002       -7.2613150819687533     
  0.52800000000000002       -7.2734429125101752     
  0.53400000000000003       -7.2847806201001699     
  0.54000000000000004       -7.2953492955855470     
  0.54600000000000004       -7.3051727787725085     
  0.55200000000000005       -7.3142704370199594     
  0.55800000000000005       -7.3226562232152830     
  0.56400000000000006       -7.3303338355385428     
  0.57000000000000006       -7.3372972846288391     
  0.57600000000000007       -7.3435525702520756     
  0.58199999999999996       -7.3491197760794673     
  0.58799999999999997       -7.3540449934891754     
  0.59399999999999997       -7.3583589095996746     
  0.59999999999999998       -7.3620328467279332     
  0.60599999999999998       -7.3650483046606086     
  0.61199999999999999       -7.3674206209459747     
  0.61799999999999999       -7.3691856754855136     
  0.62400000000000000       -7.3703939430637302     
  0.63000000000000000       -7.3710400169654804     
  0.63600000000000001       -7.3710847070125798     
  0.64200000000000002       -7.3705392808977424     
  0.64800000000000002       -7.3694346345090516     
  0.65400000000000003       -7.3677823102161550     
  0.66000000000000003       -7.3655944664545538     
  0.66600000000000004       -7.3629020595995396     
  0.67200000000000004       -7.3597135067326587     
  0.67800000000000005       -7.3559827770450417     
  0.68400000000000005       -7.3517164531946531     
  0.69000000000000006       -7.3469842618671777     
  0.69600000000000006       -7.3417800610052826     
  0.70200000000000007       -7.3360500673677969     
  0.70799999999999996       -7.3298489359956251     
  0.71399999999999997       -7.3232574191584252     
  0.71999999999999997       -7.3162220516795085     
  0.72599999999999998       -7.3086873795794673     
  0.73199999999999998       -7.3007174235956382     
  0.73799999999999999       -7.2923520744626673     
  0.74399999999999999       -7.2835430957548901     
  0.75000000000000000       -7.2742882166259282     
  0.75600000000000001       -7.2646497514991264     
  0.76200000000000001       -7.2546250653998055     
  0.76800000000000002       -7.2441654571918228     
  0.77400000000000002       -7.2333115476631438     
  0.78000000000000003       -7.2221288295583026     
  0.78600000000000003       -7.2105553525014212     
  0.79200000000000004       -7.1985354033826967     
  0.79800000000000004       -7.1861695876787426     
  0.80400000000000005       -7.1735143893849775     
  0.81000000000000005       -7.1604759417977863     
  0.81600000000000006       -7.1470267338926741     
  0.82200000000000006       -7.1332464924555445     
  0.82800000000000007       -7.1191571576488091     
  0.83399999999999996       -7.1047300290750677     
  0.83999999999999997       -7.0899882433753518     
  0.84599999999999997       -7.0749691728455382     
  0.85199999999999998       -7.0596237744116888     
  0.85799999999999998       -7.0439072154698117     
  0.86399999999999999       -7.0278883050135610     
  0.87000000000000000       -7.0116157423274226     
  0.87600000000000000       -6.9950513236625023     
  0.88200000000000001       -6.9781814563068139     
  0.88800000000000001       -6.9610411191321031     
  0.89400000000000002       -6.9436423551525071     
  0.90000000000000002       -6.9259749258396077     
  0.90600000000000003       -6.9080409745275988     
  0.91200000000000003       -6.8898494659687364     
  0.91800000000000004       -6.8714048818369671     
  0.92400000000000004       -6.8527124027637996     
  0.93000000000000005       -6.8337870089171187     
  0.93600000000000005       -6.8146294252463520     
  0.94200000000000006       -6.7952030082588220     
  0.94800000000000006       -6.7755039184227446     
  0.95400000000000007       -6.7555828347509213     
  0.95999999999999996       -6.7354730759239443     
  0.96599999999999997       -6.7151824207240320     
  0.97199999999999998       -6.6946720832380064     
  0.97799999999999998       -6.6738908773009733     
  0.98399999999999999       -6.6528946473453070     
  0.98999999999999999       -6.6317484390804271     
  0.99600000000000000       -6.6103842237949717     
   1.0020000000000000       -6.5887476514019117     
   1.0080000000000000       -6.5668976858026147     
   1.0140000000000000       -6.5449144600474458     
   1.0200000000000000       -6.5228784349682716     
   1.0260000000000000       -6.5007224324577164     
   1.0320000000000000       -6.4782500264978813     
   1.0380000000000000       -6.4554895534951013     
   1.0440000000000000       -6.4326016174606293     
   1.0500000000000000       -6.4095851055268040     
   1.0560000000000000       -6.3863802106014624     
   1.0620000000000001       -6.3629770629226758     
   1.0680000000000001       -6.3394176180262134     
   1.0740000000000001       -6.3158400159874324     
   1.0800000000000001       -6.2922555005973555     
   1.0860000000000001       -6.2684516615492711     
   1.0920000000000001       -6.2443719546422667     
   1.0980000000000001       -6.2201438071770490     
   1.1040000000000001       -6.1957906020240259     
   1.1100000000000001       -6.1712761103564517     
   1.1160000000000001       -6.1467172151676666     
   1.1220000000000001       -6.1222293051027306     
   1.1280000000000001       -6.0976121255576370     
   1.1340000000000001       -6.0726861192122197     
   1.1400000000000001       -6.0475772205878542     
   1.1460000000000001       -6.0223919423207768     
   1.1520000000000001       -5.9971073320790271     
   1.1579999999999999       -5.9716876275114519     
   1.1639999999999999       -5.9461053304913492     
   1.1699999999999999       -5.9204507438910170     
   1.1759999999999999       -5.8948664787862768     
   1.1819999999999999       -5.8692186043200572     
   1.1879999999999999       -5.8432997929117327     
   1.1940000000000000       -5.8171841085857015     
   1.2000000000000000       -5.7909837389891354     
   1.2060000000000000       -5.7646686414572619     
   1.2120000000000000       -5.7382550419083014     
   1.2180000000000000       -5.7118879596201175     
   1.2240000000000000       -5.6855361312606405     
   1.2300000000000000       -5.6589558009666439     
   1.2360000000000000       -5.6321265186132443     
   1.2420000000000000       -5.6052057545540643     
   1.2480000000000000       -5.5782481547673450     
   1.2540000000000000       -5.5512436696697165     
   1.2600000000000000       -5.5241352612727788     
   1.2660000000000000       -5.4969069677908839     
   1.2720000000000000       -5.4697151014263401     
   1.2780000000000000       -5.4426101637204596     
   1.2840000000000000       -5.4153777177560567     
   1.2900000000000000       -5.3879309702362548     
   1.2960000000000000       -5.3603838331521168     
   1.3020000000000000       -5.3327763875525163     
   1.3080000000000001       -5.3050906731154974     
   1.3140000000000001       -5.2774531596000145     
   1.3200000000000001       -5.2500034069955781     
   1.3260000000000001       -5.2225197322776431     
   1.3320000000000001       -5.1947627396321980     
   1.3380000000000001       -5.1668478580548172     
   1.3440000000000001       -5.1389165614808743     
   1.3500000000000001       -5.1110025056465727     
   1.3560000000000001       -5.0830845731712895     
   1.3620000000000001       -5.0550938353749482     
   1.3680000000000001       -5.0271030432004293     
   1.3740000000000001       -4.9992834092373801     
   1.3800000000000001       -4.9715141992559451     
   1.3860000000000001       -4.9435562636102235     
   1.3920000000000001       -4.9154630993432864     
   1.3980000000000001       -4.8873662491577452     
   1.4040000000000001       -4.8592845062158991     
   1.4099999999999999       -4.8312020648675853     
   1.4159999999999999       -4.8030846129735121     
   1.4219999999999999       -4.7749737048217202     
   1.4279999999999999       -4.7470117304037114     
   1.4339999999999999       -4.7191439664207753     
   1.4399999999999999       -4.6911479949059700     
   1.4460000000000000       -4.6630216912310090     
   1.4520000000000000       -4.6348836622622578     
   1.4580000000000000       -4.6067303734140062     
   1.4640000000000000       -4.5785480366714371     
   1.4700000000000000       -4.5504663414982538     
   1.4760000000000000       -4.5225367682755309     
   1.4820000000000000       -4.4945512869496351     
   1.4880000000000000       -4.4664028708432699     
   1.4940000000000000       -4.4381964761304467     
   1.5000000000000000       -4.4099970565740376     
   1.5060000000000000       -4.3818083047585965     
   1.5120000000000000       -4.3536049096523310     
   1.5180000000000000       -4.3253651307542196     
   1.5240000000000000       -4.2972000000000001     
   1.5300000000000000       -4.2692036841592271     
   1.5360000000000000       -4.2411858586653581     
   1.5420000000000000       -4.2129958548399209     
   1.5480000000000000       -4.1847664872307213     
   1.5540000000000000       -4.1565761106683290     
   1.5600000000000001       -4.1283475214753924     
   1.5660000000000001       -4.1001337690590702     
   1.5720000000000001       -4.0721164961974807     
   1.5780000000000001       -4.0441975483665171     
   1.5840000000000001       -4.0161251735630445     
   1.5900000000000001       -3.9879394650786746     
   1.5960000000000001       -3.9597809505788066     
   1.6020000000000001       -3.9316492356976900     
   1.6080000000000001       -3.9035106368755619     
   1.6140000000000001       -3.8753486285892551     
   1.6200000000000001       -3.8472228401860225     
   1.6260000000000001       -3.8193085804110951     
   1.6320000000000001       -3.7915578772879455     
   1.6380000000000001       -3.7636857677875541     
   1.6440000000000001       -3.7356710343175408     
   1.6500000000000001       -3.7076751682199136     
   1.6560000000000001       -3.6796996039224474     
   1.6620000000000001       -3.6517101162465759     
   1.6679999999999999       -3.6238658374133035     
   1.6739999999999999       -3.5962546907328541     
   1.6799999999999999       -3.5686052462085138     
   1.6859999999999999       -3.5407740825431784     
   1.6919999999999999       -3.5129670168690872     
   1.6980000000000000       -3.4852701346311594     
   1.7040000000000000       -3.4575857891489923     
   1.7100000000000000       -3.4298706096838583     
   1.7160000000000000       -3.4021443100541928     
   1.7220000000000000       -3.3745324007226434     
   1.7280000000000000       -3.3471506977042482     
   1.7340000000000000       -3.3198174634765256     
   1.7400000000000000       -3.2923464536529643     
   1.7460000000000000       -3.2648205247365176     
   1.7520000000000000       -3.2373262310386162     
   1.7580000000000000       -3.2098573807793858     
   1.7640000000000000       -3.1824623020361988     
   1.7700000000000000       -3.1552571838417967     
   1.7760000000000000       -3.1281472862644009     
   1.7820000000000000       -3.1008944189596335     
   1.7880000000000000       -3.0735346909735468     
   1.7940000000000000       -3.0462273371466022     
   1.8000000000000000       -3.0189851378068728     
   1.8060000000000000       -2.9917704910606115     
   1.8120000000000001       -2.9645445034801021     
   1.8180000000000001       -2.9373397043465559     
   1.8240000000000001       -2.9103289300448068     
   1.8300000000000001       -2.8834941201145283     
   1.8360000000000001       -2.8565598067634297     
   1.8420000000000001       -2.8294774917338206     
   1.8480000000000001       -2.8024001353074111     
   1.8540000000000001       -2.7753552707997016     
   1.8600000000000001       -2.7483257128733882     
   1.8660000000000001       -2.7214641903992831     
   1.8720000000000001       -2.6948709160110207     
   1.8780000000000001       -2.6682588391046504     
   1.8840000000000001       -2.6414278354151932     
   1.8900000000000001       -2.6145555832981140     
   1.8960000000000001       -2.5877716023112280     
   1.9020000000000001       -2.5610637031816732     
   1.9080000000000001       -2.5343980186148309     
   1.9140000000000001       -2.5077445772594853     
   1.9199999999999999       -2.4812168850415217     
   1.9259999999999999       -2.4549562316977962     
   1.9319999999999999       -2.4287622048863819     
   1.9379999999999999       -2.4024128469674357     
   1.9440000000000000       -2.3760877066502548     
   1.9500000000000000       -2.3499455660169000     
   1.9560000000000000       -2.3238757509506405     
   1.9620000000000000       -2.2978769282929878     
   1.9680000000000000       -2.2721556333520834     
   1.9740000000000000       -2.2466824939828540     
   1.9800000000000000       -2.2212076761516917     
   1.9860000000000000       -2.1957336292110261     
   1.9920000000000000       -2.1704152630793225     
   1.9980000000000000       -2.1453000000000002     
   2.0040000000000000       -2.1203757478007352     
   2.0100000000000002       -2.0955705700517511     
   2.0160000000000000       -2.0708853728900358     
   2.0220000000000002       -2.0465328165090901     
   2.0280000000000000       -2.0225456940113804     
   2.0340000000000003       -1.9986375713788496     
   2.0400000000000000       -1.9747335524187757     
   2.0460000000000003       -1.9509991924990564     
   2.0520000000000000       -1.9274883525016129     
   2.0579999999999998       -1.9041863408272475     
   2.0640000000000001       -1.8811801827443868     
   2.0699999999999998       -1.8585440800730766     
   2.0760000000000001       -1.8361129452694809     
   2.0819999999999999       -1.8137517449350100     
   2.0880000000000001       -1.7915753579572478     
   2.0939999999999999       -1.7696744773262321     
   2.1000000000000001       -1.7480278697400475     
   2.1059999999999999       -1.7266048541111592     
   2.1120000000000001       -1.7053837629886841     
   2.1179999999999999       -1.6844419455681678     
   2.1240000000000001       -1.6638936675245779     
   2.1299999999999999       -1.6436113726639694     
   2.1360000000000001       -1.6234136564598838     
   2.1419999999999999       -1.6033751688396793     
   2.1480000000000001       -1.5836049580713913     
   2.1539999999999999       -1.5640984386215071     
   2.1600000000000001       -1.5448219362404572     
   2.1659999999999999       -1.5257285469526245     
   2.1720000000000002       -1.5068519875359838     
   2.1779999999999999       -1.4883072068431198     
   2.1840000000000002       -1.4700411846125059     
   2.1899999999999999       -1.4518956665462781     
   2.1960000000000002       -1.4338924271865983     
   2.2020000000000000       -1.4161195867905998     
   2.2080000000000002       -1.3985505321806546     
   2.2140000000000000       -1.3811670309429780     
   2.2200000000000002       -1.3640790216456073     
   2.2260000000000000       -1.3473084976970118     
   2.2320000000000002       -1.3306744608684866     
   2.2380000000000000       -1.3141311803820339     
   2.2440000000000002       -1.2978214173588838     
   2.2500000000000000       -1.2817772509529812     
   2.2560000000000002       -1.2659381267860912     
   2.2620000000000000       -1.2502942835543331     
   2.2680000000000002       -1.2348733784561592     
   2.2740000000000000       -1.2197538357619910     
   2.2800000000000002       -1.2049762051341295     
   2.2860000000000000       -1.1904129643884298     
   2.2920000000000003       -1.1759767045061456     
   2.2980000000000000       -1.1617271988502469     
   2.3040000000000003       -1.1477060634084393     
   2.3100000000000001       -1.1339098218667831     
   2.3159999999999998       -1.1203635562710603     
   2.3220000000000001       -1.1071096218167034     
   2.3279999999999998       -1.0941050577324087     
   2.3340000000000001       -1.0812688881126813     
   2.3399999999999999       -1.0685679138780619     
   2.3460000000000001       -1.0560042097036808     
   2.3519999999999999       -1.0436425338994542     
   2.3580000000000001       -1.0315077692237167     
   2.3639999999999999       -1.0195131924983849     
   2.3700000000000001       -1.0076562491172223     
   2.3759999999999999      -0.99605930979845847     
   2.3820000000000001      -0.98468582600198817     
   2.3879999999999999      -0.97336835648831943     
   2.3940000000000001      -0.96211072758331206     
   2.3999999999999999      -0.95100259744210291     
   2.4060000000000001      -0.94002559087359061     
   2.4119999999999999      -0.92914954007548833     
   2.4180000000000001      -0.91844816493259085     
   2.4239999999999999      -0.90795345546565021     
   2.4300000000000002      -0.89755305879590108     
   2.4359999999999999      -0.88719771296222294     
   2.4420000000000002      -0.87695866455257732     
   2.4480000000000000      -0.86686732547615231     
   2.4540000000000002      -0.85690781372614011     
   2.4600000000000000      -0.84706663788236747     
   2.4660000000000002      -0.83734136988555907     
   2.4720000000000000      -0.82778243174249577     
   2.4780000000000002      -0.81842840409062201     
   2.4840000000000000      -0.80919466857419509     
   2.4900000000000002      -0.80001775475363568     
   2.4960000000000000      -0.79095722117725009     
   2.5020000000000002      -0.78204782950392615     
   2.5080000000000000      -0.77325915984709970     
   2.5140000000000002      -0.76460441490598763     
   2.5200000000000000      -0.75613836336079188     
   2.5260000000000002      -0.74782507210983318     
   2.5320000000000000      -0.73958254341384722     
   2.5380000000000003      -0.73142492441335905     
   2.5440000000000000      -0.72339623373678430     
   2.5500000000000003      -0.71549150538955242     
   2.5560000000000000      -0.70769648248559858     
   2.5619999999999998      -0.70000578557593995     
   2.5680000000000001      -0.69243288399389957     
   2.5739999999999998      -0.68501729959114621     
   2.5800000000000001      -0.67773997201350189     
   2.5859999999999999      -0.67052389613886265     
   2.5920000000000001      -0.66336880895337624     
   2.5979999999999999      -0.65632309774810660     
   2.6040000000000001      -0.64938004022053197     
   2.6099999999999999      -0.64252025838028226     
   2.6160000000000001      -0.63578002902770137     
   2.6219999999999999      -0.62917957244469247     
   2.6280000000000001      -0.62265463571561508     
   2.6339999999999999      -0.61616825639750683     
   2.6400000000000001      -0.60975633556727893     
   2.6459999999999999      -0.60343845085336034     
   2.6520000000000001      -0.59720664388311373     
   2.6579999999999999      -0.59104683903502753     
   2.6640000000000001      -0.58494694348155463     
   2.6699999999999999      -0.57893721990285973     
   2.6760000000000002      -0.57304930559240974     
   2.6819999999999999      -0.56722872202943675     
   2.6880000000000002      -0.56142507168122546     
   2.6940000000000000      -0.55567449872680430     
   2.7000000000000002      -0.55000107281475064     
   2.7060000000000000      -0.54437770201791524     
   2.7120000000000002      -0.53881006213167670     
   2.7180000000000000      -0.53334497731158304     
   2.7240000000000002      -0.52796173302726757     
   2.7300000000000000      -0.52259438025190674     
   2.7360000000000002      -0.51725247410956321     
   2.7420000000000000      -0.51197709293458737     
   2.7480000000000002      -0.50676812960783069     
   2.7540000000000000      -0.50161383644721425     
   2.7600000000000002      -0.49650776835142707     
   2.7660000000000000      -0.49145743472598979     
   2.7720000000000002      -0.48649449696343006     
   2.7780000000000000      -0.48161344990794031     
   2.7840000000000003      -0.47676169367552101     
   2.7900000000000000      -0.47193078008751321     
   2.7960000000000003      -0.46714981276384526     
   2.8020000000000000      -0.46242883236399235     
   2.8080000000000003      -0.45776595289403738     
   2.8140000000000001      -0.45315393601736809     
   2.8199999999999998      -0.44859308591717378     
   2.8260000000000001      -0.44411401078525592     
   2.8319999999999999      -0.43972437630270672     
   2.8380000000000001      -0.43537349187382979     
   2.8439999999999999      -0.43104711153602049     
   2.8500000000000001      -0.42678822149032086     
   2.8559999999999999      -0.42260502768263397     
   2.8620000000000001      -0.41847562206212763     
   2.8679999999999999      -0.41441706465499617     
   2.8740000000000001      -0.41045867230898458     
   2.8799999999999999      -0.40657102107798537     
   2.8860000000000001      -0.40271977453918700     
   2.8919999999999999      -0.39892813713813935     
   2.8980000000000001      -0.39521907821203250     
   2.9039999999999999      -0.39158610910257075     
   2.9100000000000001      -0.38802137623351163     
   2.9159999999999999      -0.38452123104742114     
   2.9220000000000002      -0.38109238008486784     
   2.9279999999999999      -0.37774770566797933     
   2.9340000000000002      -0.37446853515709033     
   2.9399999999999999      -0.37122326841699710     
   2.9460000000000002      -0.36801698660183813     
   2.9520000000000000      -0.36486310891086621     
   2.9580000000000002      -0.36175225160957936     
   2.9640000000000000      -0.35867922626672127     
   2.9700000000000002      -0.35566081966000662     
   2.9760000000000000      -0.35269456284456535     
   2.9820000000000002      -0.34974594518651531     
   2.9880000000000000      -0.34680535965541670     
   2.9940000000000002      -0.34388940469688950     
   3.0000000000000000      -0.34099968531321362     
   3.0060000000000002      -0.33812797469993555     
   3.0120000000000000      -0.33527000000000001     
   3.0180000000000002      -0.33242688863395237     
   3.0240000000000000      -0.32961408390844482     
   3.0300000000000002      -0.32683804152572721     
   3.0360000000000000      -0.32407470498093649     
   3.0420000000000003      -0.32131215975204130     
   3.0480000000000000      -0.31856517532418094     
   3.0540000000000003      -0.31583979879775992     
   3.0600000000000001      -0.31313141399423383     
   3.0660000000000003      -0.31044794756698818     
   3.0720000000000001      -0.30780202738748780     
   3.0779999999999998      -0.30517745222527204     
   3.0840000000000001      -0.30255341586729806     
   3.0899999999999999      -0.29994369268380727     
   3.0960000000000001      -0.29736313549779281     
   3.1019999999999999      -0.29480373691346867     
   3.1080000000000001      -0.29225947274823222     
   3.1139999999999999      -0.28973434819104626     
   3.1200000000000001      -0.28723662703399949     
   3.1259999999999999      -0.28477668593882194     
   3.1320000000000001      -0.28234529056240193     
   3.1379999999999999      -0.27992219977803412     
   3.1440000000000001      -0.27751007546117595     
   3.1499999999999999      -0.27512043633780831     
   3.1560000000000001      -0.27275530898209721     
   3.1619999999999999      -0.27041615809183422     
   3.1680000000000001      -0.26811063438811350     
   3.1739999999999999      -0.26583858136179839     
   3.1800000000000002      -0.26358442520184089     
   3.1859999999999999      -0.26134207959590794     
   3.1920000000000002      -0.25911851146930720     
   3.1980000000000000      -0.25691924798745724     
   3.2040000000000002      -0.25474759598566066     
   3.2100000000000000      -0.25260218325252648     
   3.2160000000000002      -0.25048133952911134     
   3.2220000000000000      -0.24839291986108875     
   3.2280000000000002      -0.24634168571370124     
   3.2340000000000000      -0.24431466455003598     
   3.2400000000000002      -0.24230340492487384     
   3.2460000000000000      -0.24031446108328125     
   3.2520000000000002      -0.23835114571175975     
   3.2580000000000000      -0.23641116738587331     
   3.2640000000000002      -0.23450116936282339     
   3.2700000000000000      -0.23263254930340210     
   3.2760000000000002      -0.23079325038751808     
   3.2820000000000000      -0.22896371206710892     
   3.2880000000000003      -0.22714984773138180     
   3.2940000000000000      -0.22536241013743946     
   3.3000000000000003      -0.22360131752168599     
   3.3060000000000000      -0.22186352025835765     
   3.3120000000000003      -0.22014432021810371     
   3.3180000000000001      -0.21844624685842767     
   3.3240000000000003      -0.21678048887774515     
   3.3300000000000001      -0.21514196445748546     
   3.3359999999999999      -0.21351333879094903     
   3.3420000000000001      -0.21189711291565860     
   3.3479999999999999      -0.21030455097120354     
   3.3540000000000001      -0.20873167917709740     
   3.3599999999999999      -0.20717356743602028     
   3.3660000000000001      -0.20564066691506505     
   3.3719999999999999      -0.20413633640896167     
   3.3780000000000001      -0.20264204823042886     
   3.3839999999999999      -0.20115096808879102     
   3.3900000000000001      -0.19967631795402996     
   3.3959999999999999      -0.19822268460416112     
   3.4020000000000001      -0.19678535184410134     
   3.4079999999999999      -0.19535949862447954     
   3.4140000000000001      -0.19394246776571222     
   3.4199999999999999      -0.19254382334011194     
   3.4260000000000002      -0.19117140505234720     
   3.4319999999999999      -0.18981048159757502     
   3.4380000000000002      -0.18844993816726160     
   3.4440000000000000      -0.18709891475845375     
   3.4500000000000002      -0.18576237725276326     
   3.4560000000000000      -0.18443506122850545     
   3.4620000000000002      -0.18311564789371843     
   3.4680000000000000      -0.18180735312403762     
   3.4740000000000002      -0.18051285013815344     
   3.4800000000000000      -0.17923297647119740     
   3.4860000000000002      -0.17795999999999995     
   3.4920000000000000      -0.17668652428858292     
   3.4980000000000002      -0.17541979820247799     
   3.5040000000000000      -0.17416478684627726     
   3.5100000000000002      -0.17291203394579743     
   3.5160000000000000      -0.17166052686328856     
   3.5220000000000002      -0.17042508085263414     
   3.5280000000000000      -0.16920583181702936     
   3.5340000000000003      -0.16798806025700561     
   3.5400000000000000      -0.16677193808251589     
   3.5460000000000003      -0.16556655075674820     
   3.5520000000000000      -0.16436990857125980     
   3.5580000000000003      -0.16317735262931574     
   3.5640000000000001      -0.16199316225288840     
   3.5700000000000003      -0.16082223074341384     
   3.5760000000000001      -0.15966498697507464     
   3.5820000000000003      -0.15851886615395708     
   3.5880000000000001      -0.15737785150039602     
   3.5939999999999999      -0.15624289394459939     
   3.6000000000000001      -0.15512200348375332     
   3.6059999999999999      -0.15401178676209873     
   3.6120000000000001      -0.15290315649680805     
   3.6179999999999999      -0.15180614901476408     
   3.6240000000000001      -0.15073411131017048     
   3.6299999999999999      -0.14967688559261672     
   3.6360000000000001      -0.14862268092714678     
   3.6419999999999999      -0.14757350860528134     
   3.6480000000000001      -0.14653461296709888     
   3.6539999999999999      -0.14551235560683393     
   3.6600000000000001      -0.14450469856981976     
   3.6659999999999999      -0.14350188689148236     
   3.6720000000000002      -0.14251114367943746     
   3.6779999999999999      -0.14154874196649292     
   3.6840000000000002      -0.14060305942756174     
   3.6899999999999999      -0.13965539896537885     
   3.6960000000000002      -0.13871718803061719     
   3.7020000000000000      -0.13780169881436546     
   3.7080000000000002      -0.13690035224678770     
   3.7140000000000000      -0.13600814247919316     
   3.7200000000000002      -0.13513401060445468     
   3.7260000000000000      -0.13428079131840095     
   3.7320000000000002      -0.13344241911127031     
   3.7380000000000000      -0.13261521582505362     
   3.7440000000000002      -0.13179838614529110     
   3.7500000000000000      -0.13099600694813182     
   3.7560000000000002      -0.13021308648086999     
   3.7620000000000000      -0.12944662171688145     
   3.7680000000000002      -0.12869349069315275     
   3.7740000000000000      -0.12795812799706505     
   3.7800000000000002      -0.12724241282904175     
   3.7860000000000000      -0.12654046027893501     
   3.7920000000000003      -0.12584773428314144     
   3.7980000000000000      -0.12516281234875948     
   3.8040000000000003      -0.12448774590672761     
   3.8100000000000001      -0.12382709147132355     
   3.8160000000000003      -0.12318338435247668     
   3.8220000000000001      -0.12255662423174578     
   3.8280000000000003      -0.12193919312911872     
   3.8340000000000001      -0.12132477794562607     
   3.8399999999999999      -0.12072036957833239     
   3.8460000000000001      -0.12013017010763330     
   3.8519999999999999      -0.11954653577264468     
   3.8580000000000001      -0.11896730210001712     
   3.8639999999999999      -0.11839950216043386     
   3.8700000000000001      -0.11784507819076369     
   3.8759999999999999      -0.11730077237095883     
   3.8820000000000001      -0.11676176676638142     
   3.8879999999999999      -0.11622399531863604     
   3.8940000000000001      -0.11569247152957206     
   3.8999999999999999      -0.11517230890163839     
   3.9060000000000001      -0.11465685601555251     
   3.9119999999999999      -0.11414212812485622     
   3.9180000000000001      -0.11363587176368761     
   3.9239999999999999      -0.11313939974134404     
   3.9300000000000002      -0.11264306222228106     
   3.9359999999999999      -0.11214611859166487     
   3.9420000000000002      -0.11165635159050531     
   3.9480000000000000      -0.11117250209720406     
   3.9540000000000002      -0.11068824542377451     
   3.9600000000000000      -0.11020187721148393     
   3.9660000000000002      -0.10971465982467517     
   3.9720000000000000      -0.10923219348978974     
   3.9780000000000002      -0.10875679089699918     
   3.9840000000000000      -0.10828070907806002     
   3.9900000000000002      -0.10780031162246212     
   3.9960000000000000      -0.10732032503775091     
   4.0019999999999998      -0.10684072313817261     
   4.0080000000000000      -0.10635665165865935     
   4.0140000000000002      -0.10587066251733136     
   4.0200000000000005      -0.10538882962712215     
   4.0259999999999998      -0.10490804344191457     
   4.0320000000000000      -0.10442326184129877     
   4.0380000000000003      -0.10393718976291461     
   4.0440000000000005      -0.10345231187521582     
   4.0499999999999998      -0.10296531632902695     
   4.0560000000000000      -0.10247443179438287     
   4.0620000000000003      -0.10198192209479393     
   4.0680000000000005      -0.10149086665522450     
   4.0739999999999998      -0.10100425824651002     
   4.0800000000000001      -0.10051799333061937     
   4.0860000000000003      -0.10002463034053802     
   4.0920000000000005       -9.9527537724078352E-002
   4.0979999999999999       -9.9033044364654460E-002
   4.1040000000000001       -9.8538993209168813E-002
   4.1100000000000003       -9.8043148832762078E-002
   4.1159999999999997       -9.7549326383486373E-002
   4.1219999999999999       -9.7058549574520009E-002
   4.1280000000000001       -9.6565553946027866E-002
   4.1340000000000003       -9.6068758454070188E-002
   4.1399999999999997       -9.5571341343103022E-002
   4.1459999999999999       -9.5074577094517915E-002
   4.1520000000000001       -9.4578070131609543E-002
   4.1580000000000004       -9.4080896618170887E-002
   4.1639999999999997       -9.3582648849164868E-002
   4.1699999999999999       -9.3086320938749384E-002
   4.1760000000000002       -9.2593636687106129E-002
   4.1820000000000004       -9.2099937958493028E-002
   4.1879999999999997       -9.1602485205179274E-002
   4.1940000000000000       -9.1104151734169414E-002
   4.2000000000000002       -9.0606744094958447E-002
   4.2060000000000004       -9.0110020093235113E-002
   4.2119999999999997       -8.9613108704980959E-002
   4.2180000000000000       -8.9115170521205045E-002
   4.2240000000000002       -8.8618914591650666E-002
   4.2300000000000004       -8.8127298964798401E-002
   4.2359999999999998       -8.7635895546155224E-002
   4.2420000000000000       -8.7140421389848816E-002
   4.2480000000000002       -8.6644076057230568E-002
   4.2540000000000004       -8.6149394582134442E-002
   4.2599999999999998       -8.5654863632734307E-002
   4.2660000000000000       -8.5160880436414621E-002
   4.2720000000000002       -8.4670502485676466E-002
   4.2780000000000005       -8.4182406402420057E-002
   4.2839999999999998       -8.3692143953710857E-002
   4.2900000000000000       -8.3200170442622873E-002
   4.2960000000000003       -8.2709178152894025E-002
   4.3020000000000005       -8.2219369837955816E-002
   4.3079999999999998       -8.1730105558187771E-002
   4.3140000000000001       -8.1240801085023726E-002
   4.3200000000000003       -8.0752266261122641E-002
   4.3260000000000005       -8.0268012941799610E-002
   4.3319999999999999       -7.9787565736275920E-002
   4.3380000000000001       -7.9305121130256367E-002
   4.3440000000000003       -7.8820214803074079E-002
   4.3500000000000005       -7.8336949820224600E-002
   4.3559999999999999       -7.7855219355015687E-002
   4.3620000000000001       -7.7373294521589461E-002
   4.3680000000000003       -7.6894183366700841E-002
   4.3739999999999997       -7.6420408057550612E-002
   4.3799999999999999       -7.5947062450999234E-002
   4.3860000000000001       -7.5470719746374981E-002
   4.3920000000000003       -7.4994797876510685E-002
   4.3979999999999997       -7.4521379046544170E-002
   4.4039999999999999       -7.4049358591806946E-002
   4.4100000000000001       -7.3578171092773870E-002
   4.4160000000000004       -7.3108113646659201E-002
   4.4219999999999997       -7.2640934033008961E-002
   4.4279999999999999       -7.2178396384333682E-002
   4.4340000000000002       -7.1717299508535559E-002
   4.4400000000000004       -7.1254145921022360E-002
   4.4459999999999997       -7.0791350331956021E-002
   4.4520000000000000       -7.0331217015664707E-002
   4.4580000000000002       -6.9872536930348464E-002
   4.4640000000000004       -6.9415474486986095E-002
   4.4699999999999998       -6.8962792538223697E-002
   4.4760000000000000       -6.8513675338497837E-002
   4.4820000000000002       -6.8064037786263618E-002
   4.4880000000000004       -6.7613884367397917E-002
   4.4939999999999998       -6.7165672232171528E-002
   4.5000000000000000       -6.6720000000000002E-002
   4.5060000000000002       -6.6276535230669301E-002
   4.5120000000000005       -6.5834347669986484E-002
   4.5179999999999998       -6.5393568929434459E-002
   4.5240000000000000       -6.4957241162467691E-002
   4.5300000000000002       -6.4525648666841504E-002
   4.5360000000000005       -6.4094256327541455E-002
   4.5419999999999998       -6.3661972163239364E-002
   4.5480000000000000       -6.3231548695969558E-002
   4.5540000000000003       -6.2803363575308593E-002
   4.5600000000000005       -6.2376501839363697E-002
   4.5659999999999998       -6.1953011621860246E-002
   4.5720000000000001       -6.1534804266943480E-002
   4.5780000000000003       -6.1118411638823596E-002
   4.5840000000000005       -6.0700850324358180E-002
   4.5899999999999999       -6.0284325507757197E-002
   4.5960000000000001       -5.9870619501970673E-002
   4.6020000000000003       -5.9459320081378102E-002
   4.6080000000000005       -5.9049817017164649E-002
   4.6139999999999999       -5.8641675256629638E-002
   4.6200000000000001       -5.8236440418288640E-002
   4.6260000000000003       -5.7836386658292313E-002
   4.6319999999999997       -5.7438893969162672E-002
   4.6379999999999999       -5.7040349101366031E-002
   4.6440000000000001       -5.6642785934862036E-002
   4.6500000000000004       -5.6248481749155255E-002
   4.6559999999999997       -5.5855769235252109E-002
   4.6619999999999999       -5.5464413530242285E-002
   4.6680000000000001       -5.5077805591560877E-002
   4.6740000000000004       -5.4695676293983052E-002
   4.6799999999999997       -5.4313456324433504E-002
   4.6859999999999999       -5.3930940840657429E-002
   4.6920000000000002       -5.3551116312782393E-002
   4.6980000000000004       -5.3174071371120957E-002
   4.7039999999999997       -5.2798634197999086E-002
   4.7100000000000000       -5.2424676657257530E-002
   4.7160000000000002       -5.2052918592625327E-002
   4.7220000000000004       -5.1685621255119787E-002
   4.7279999999999998       -5.1322993749099599E-002
   4.7340000000000000       -5.0960987847124578E-002
   4.7400000000000002       -5.0598475678718932E-002
   4.7460000000000004       -5.0238377411048182E-002
   4.7519999999999998       -4.9881093962945031E-002
   4.7580000000000000       -4.9525151810202471E-002
   4.7640000000000002       -4.9172178670580415E-002
   4.7700000000000005       -4.8824418410151796E-002
   4.7759999999999998       -4.8478948378094730E-002
   4.7820000000000000       -4.8132730733900578E-002
   4.7880000000000003       -4.7787780264932203E-002
   4.7940000000000005       -4.7445912809997833E-002
   4.7999999999999998       -4.7106437339800564E-002
   4.8060000000000000       -4.6768771792591736E-002
   4.8120000000000003       -4.6432937170942878E-002
   4.8180000000000005       -4.6100030443080593E-002
   4.8239999999999998       -4.5771648953082278E-002
   4.8300000000000001       -4.5445985074077627E-002
   4.8360000000000003       -4.5120061840808967E-002
   4.8420000000000005       -4.4794786889459010E-002
   4.8479999999999999       -4.4471981242827072E-002
   4.8540000000000001       -4.4151861424665789E-002
   4.8600000000000003       -4.3834100660282066E-002
   4.8659999999999997       -4.3517975107054019E-002
   4.8719999999999999       -4.3203995224119301E-002
   4.8780000000000001       -4.2894254012163520E-002
   4.8840000000000003       -4.2587827712932437E-002
   4.8899999999999997       -4.2281417324109283E-002
   4.8959999999999999       -4.1975580610884675E-002
   4.9020000000000001       -4.1672680653147325E-002
   4.9080000000000004       -4.1371992864594143E-002
   4.9139999999999997       -4.1072472277389235E-002
   4.9199999999999999       -4.0776100475423405E-002
   4.9260000000000002       -4.0483905176578128E-002
   4.9320000000000004       -4.0193282743739081E-002
   4.9379999999999997       -3.9902898880465554E-002
   4.9440000000000000       -3.9614002131756351E-002
   4.9500000000000002       -3.9327317212056859E-002
   4.9560000000000004       -3.9042841948944668E-002
   4.9619999999999997       -3.8760255881213609E-002
   4.9680000000000000       -3.8479315799006895E-002
   4.9740000000000002       -3.8201403848033645E-002
   4.9800000000000004       -3.7927629297533141E-002
   4.9859999999999998       -3.7655668733823616E-002
   4.9920000000000000       -3.7383687738709120E-002
   4.9980000000000002       -3.7113035041588811E-002
   5.0040000000000004       -3.6844583302217904E-002
   5.0099999999999998       -3.6577780436688086E-002
   5.0160000000000000       -3.6313297936856080E-002
   5.0220000000000002       -3.6052890106461344E-002
   5.0280000000000005       -3.5795211316121553E-002
   5.0339999999999998       -3.5537403385083946E-002
   5.0400000000000000       -3.5280266409641985E-002
   5.0460000000000003       -3.5025655979526622E-002
   5.0520000000000005       -3.4773243117037368E-002
   5.0579999999999998       -3.4522417597635136E-002
   5.0640000000000001       -3.4273326449012730E-002
   5.0700000000000003       -3.4026437421267569E-002
   5.0760000000000005       -3.3782498535141280E-002
   5.0819999999999999       -3.3541148972394422E-002
   5.0880000000000001       -3.3300940761006911E-002
   5.0940000000000003       -3.3061676593388142E-002
   5.1000000000000005       -3.2823987558750024E-002
   5.1059999999999999       -3.2587848451660476E-002
   5.1120000000000001       -3.2353213117276874E-002
   5.1180000000000003       -3.2121287939464116E-002
   5.1239999999999997       -3.1892720060460893E-002
   5.1299999999999999       -3.1665722589854582E-002
   5.1360000000000001       -3.1439162401975369E-002
   5.1420000000000003       -3.1213778270901948E-002
   5.1479999999999997       -3.0990183135293285E-002
   5.1539999999999999       -3.0768584335434251E-002
   5.1600000000000001       -3.0548552733204542E-002
   5.1660000000000004       -3.0329465751043526E-002
   5.1719999999999997       -3.0112732478898410E-002
   5.1779999999999999       -2.9899919723349468E-002
   5.1840000000000002       -2.9688885509151233E-002
   5.1900000000000004       -2.9477527636191547E-002
   5.1959999999999997       -2.9267061956451131E-002
   5.2020000000000000       -2.9058507530332039E-002
   5.2080000000000002       -2.8851408113980258E-002
   5.2140000000000004       -2.8646189982900173E-002
   5.2199999999999998       -2.8444351214639518E-002
   5.2260000000000000       -2.8244859706315309E-002
   5.2320000000000002       -2.8045059898146825E-002
   5.2380000000000004       -2.7845542222840663E-002
   5.2439999999999998       -2.7648184028426347E-002
   5.2500000000000000       -2.7452767766112655E-002
   5.2560000000000002       -2.7258652194859616E-002
   5.2620000000000005       -2.7065986735241264E-002
   5.2679999999999998       -2.6875187336971425E-002
   5.2740000000000000       -2.6686857571254219E-002
   5.2800000000000002       -2.6500550035861374E-002
   5.2860000000000005       -2.6314591315691787E-002
   5.2919999999999998       -2.6129142587491494E-002
   5.2980000000000000       -2.5945765755599565E-002
   5.3040000000000003       -2.5764122350828700E-002
   5.3100000000000005       -2.5583214706177478E-002
   5.3159999999999998       -2.5404156818308699E-002
   5.3220000000000001       -2.5227981556046664E-002
   5.3280000000000003       -2.5053123372608187E-002
   5.3340000000000005       -2.4878388689584224E-002
   5.3399999999999999       -2.4704501830717408E-002
   5.3460000000000001       -2.4532077290961438E-002
   5.3520000000000003       -2.4361231477029358E-002
   5.3580000000000005       -2.4191800411355307E-002
   5.3639999999999999       -2.4023517659407276E-002
   5.3700000000000001       -2.3857208026423944E-002
   5.3760000000000003       -2.3693829603677680E-002
   5.3819999999999997       -2.3531580571283989E-002
   5.3879999999999999       -2.3368665001632913E-002
   5.3940000000000001       -2.3206841849039952E-002
   5.4000000000000004       -2.3047408616116084E-002
   5.4059999999999997       -2.2888868950181225E-002
   5.4119999999999999       -2.2730941730253272E-002
   5.4180000000000001       -2.2575499418836596E-002
   5.4240000000000004       -2.2422364564659458E-002
   5.4299999999999997       -2.2269505737006916E-002
   5.4359999999999999       -2.2116818741364033E-002
   5.4420000000000002       -2.1965339326011406E-002
   5.4480000000000004       -2.1815517723846805E-002
   5.4539999999999997       -2.1667350232645665E-002
   5.4600000000000000       -2.1520003164026951E-002
   5.4660000000000002       -2.1373264169316626E-002
   5.4720000000000004       -2.1228804442354875E-002
   5.4779999999999998       -2.1086812379309268E-002
   5.4840000000000000       -2.0944970496261664E-002
   5.4900000000000002       -2.0803008596805190E-002
   5.4960000000000004       -2.0662740570093242E-002
   5.5019999999999998       -2.0524058123351851E-002
   5.5080000000000000       -2.0385851837515945E-002
   5.5140000000000002       -2.0249000000000000E-002
   5.5200000000000005       -2.0114546559028244E-002
   5.5259999999999998       -1.9980924011256292E-002
   5.5320000000000000       -1.9846964870224196E-002
   5.5380000000000003       -1.9714193227687717E-002
   5.5440000000000005       -1.9583309388703892E-002
   5.5499999999999998       -1.9453033075829417E-002
   5.5560000000000000       -1.9323158704670513E-002
   5.5620000000000003       -1.9194745168914583E-002
   5.5680000000000005       -1.9068091398890156E-002
   5.5739999999999998       -1.8942587780361373E-002
   5.5800000000000001       -1.8818131563130606E-002
   5.5860000000000003       -1.8694587520787398E-002
   5.5920000000000005       -1.8571625147909422E-002
   5.5979999999999999       -1.8449134017093586E-002
   5.6040000000000001       -1.8327736507138915E-002
   5.6100000000000003       -1.8207681006571774E-002
   5.6160000000000005       -1.8088400882970607E-002
   5.6219999999999999       -1.7970006333193397E-002
   5.6280000000000001       -1.7853335427252662E-002
   5.6340000000000003       -1.7737958746353883E-002
   5.6399999999999997       -1.7622699059742161E-002
   5.6459999999999999       -1.7507726553250797E-002
   5.6520000000000001       -1.7393737502811882E-002
   5.6580000000000004       -1.7280894215926299E-002
   5.6639999999999997       -1.7169232301182766E-002
   5.6699999999999999       -1.7058867376639149E-002
   5.6760000000000002       -1.6949640926001396E-002
   5.6820000000000004       -1.6840895194425713E-002
   5.6879999999999997       -1.6732332317276531E-002
   5.6940000000000000       -1.6624160698655233E-002
   5.7000000000000002       -1.6516847424374845E-002
   5.7060000000000004       -1.6410922657686948E-002
   5.7119999999999997       -1.6305982206606159E-002
   5.7180000000000000       -1.6201397221433222E-002
   5.7240000000000002       -1.6097694208357834E-002
   5.7300000000000004       -1.5995337025681861E-002
   5.7359999999999998       -1.5893557711392985E-002
   5.7420000000000000       -1.5791936250731012E-002
   5.7480000000000002       -1.5691154758868790E-002
   5.7540000000000004       -1.5591399434516729E-002
   5.7599999999999998       -1.5492125961578737E-002
   5.7660000000000000       -1.5393478406710164E-002
   5.7720000000000002       -1.5296083357133837E-002
   5.7780000000000005       -1.5199625349020529E-002
   5.7839999999999998       -1.5103438953283019E-002
   5.7900000000000000       -1.5007632069930686E-002
   5.7960000000000003       -1.4912488661201425E-002
   5.8020000000000005       -1.4818012157901489E-002
   5.8079999999999998       -1.4724117864768212E-002
   5.8140000000000001       -1.4630667409848830E-002
   5.8200000000000003       -1.4537858048068385E-002
   5.8260000000000005       -1.4446280116202651E-002
   5.8319999999999999       -1.4355649711710479E-002
   5.8380000000000001       -1.4265031565967295E-002
   5.8440000000000003       -1.4174520986709172E-002
   5.8500000000000005       -1.4084701157545759E-002
   5.8559999999999999       -1.3995555141925305E-002
   5.8620000000000001       -1.3906940601693254E-002
   5.8680000000000003       -1.3819020634258982E-002
   5.8740000000000006       -1.3731881267240082E-002
   5.8799999999999999       -1.3645305552849129E-002
   5.8860000000000001       -1.3559113084471157E-002
   5.8920000000000003       -1.3473232154195016E-002
   5.8979999999999997       -1.3387628320364973E-002
   5.9039999999999999       -1.3302299481207041E-002
   5.9100000000000001       -1.3217302866160015E-002
   5.9160000000000004       -1.3132786541348616E-002
   5.9219999999999997       -1.3049237044199347E-002
   5.9279999999999999       -1.2966931549399662E-002
   5.9340000000000002       -1.2884937777116976E-002
   5.9400000000000004       -1.2802550967033916E-002
   5.9459999999999997       -1.2720234687559730E-002
   5.9520000000000000       -1.2638382078431527E-002
   5.9580000000000002       -1.2557040112123472E-002
   5.9640000000000004       -1.2476363349929553E-002
   5.9699999999999998       -1.2396575698348804E-002
   5.9760000000000000       -1.2317238602109412E-002
   5.9820000000000002       -1.2237641664106872E-002
   5.9880000000000004       -1.2158000000000002E-002
   5.9939999999999998       -1.2078770811288190E-002
