 X =   0.50000000000000000      Y =   0.50000000000000000      Npts =         100
  0.40000000000000002        120.10620455050174     
  0.43636363636363640        104.67609910385423     
  0.47272727272727277        90.938888727920741     
  0.50909090909090915        78.719871613486561     
  0.54545454545454541        67.861882250116111     
  0.58181818181818179        58.223554526299601     
  0.61818181818181817        49.677755722571519     
  0.65454545454545454        42.110174639861945     
  0.69090909090909092        35.418048745800789     
  0.72727272727272729        29.509016701700602     
  0.76363636363636367        24.300083968189863     
  0.80000000000000004        19.716690392104429     
  0.83636363636363642        15.691869764041082     
  0.87272727272727280        12.165492316454317     
  0.90909090909090906        9.0835820167322154     
  0.94545454545454544        6.3977013076962281     
  0.98181818181818181        4.0643966678985288     
   1.0181818181818181        2.0446990135703773     
   1.0545454545454547       0.30367354999841845     
   1.0909090909090908       -1.1899857913142549     
   1.1272727272727274       -2.4643217165009808     
   1.1636363636363636       -3.5444426908265187     
   1.2000000000000000       -4.4528193863939647     
   1.2363636363636363       -5.2095516745651134     
   1.2727272727272727       -5.8326090658044700     
   1.3090909090909091       -6.3380472147878528     
   1.3454545454545455       -6.7402028516456252     
   1.3818181818181818       -7.0518692684085291     
   1.4181818181818180       -7.2844542806281876     
   1.4545454545454546       -7.4481223955336944     
   1.4909090909090907       -7.5519227479550546     
   1.5272727272727273       -7.6039042117862641     
   1.5636363636363635       -7.6112189563429382     
   1.6000000000000001       -7.5802155921204362     
   1.6363636363636362       -7.5165229378499303     
   1.6727272727272728       -7.4251253391837739     
   1.7090909090909090       -7.3104303777369335     
   1.7454545454545456       -7.1763297265927504     
   1.7818181818181817       -7.0262538338693430     
   1.8181818181818183       -6.8632210487432985     
   1.8545454545454545       -6.6898817437243334     
   1.8909090909090907       -6.5085579323217129     
   1.9272727272727272       -6.3212788319580238     
   1.9636363636363634       -6.1298127775421651     
   2.0000000000000000       -5.9356958510369173     
   2.0363636363636362       -5.7402575562193840     
   2.0727272727272728       -5.5446438352483725     
   2.1090909090909089       -5.3498376942738055     
   2.1454545454545455       -5.1566776788345265     
   2.1818181818181817       -4.9658744159096715     
   2.2181818181818183       -4.7780254179587800     
   2.2545454545454544       -4.5936283248768417     
   2.2909090909090910       -4.4130927422940447     
   2.3272727272727272       -4.2367508188786847     
   2.3636363636363638       -4.0648666910859568     
   2.3999999999999999       -3.8976449109826534     
   2.4363636363636361       -3.7352379612300655     
   2.4727272727272727       -3.5777529509007708     
   2.5090909090909088       -3.4252575764268456     
   2.5454545454545454       -3.2777854235267565     
   2.5818181818181816       -3.1353406783442077     
   2.6181818181818182       -2.9979023091724235     
   2.6545454545454543       -2.8654277739575318     
   2.6909090909090909       -2.7378563032078707     
   2.7272727272727271       -2.6151118029219367     
   2.7636363636363632       -2.4971054176317367     
   2.7999999999999998       -2.3837377895915326     
   2.8363636363636360       -2.2749010464800317     
   2.8727272727272726       -2.1704805466869885     
   2.9090909090909087       -2.0703564082871346     
   2.9454545454545453       -1.9744048451325400     
   2.9818181818181815       -1.8824993310900164     
   3.0181818181818181       -1.7945116112862647     
   3.0545454545454542       -1.7103125772765972     
   3.0909090909090908       -1.6297730213015094     
   3.1272727272727270       -1.5527642832200648     
   3.1636363636363636       -1.4791588022922095     
   3.1999999999999997       -1.4088305847083500     
   3.2363636363636363       -1.3416555966192876     
   3.2727272727272725       -1.2775120913904547     
   3.3090909090909091       -1.2162808788794774     
   3.3454545454545452       -1.1578455437053046     
   3.3818181818181814       -1.1020926187309057     
   3.4181818181818180       -1.0489117193115169     
   3.4545454545454541      -0.99819564325900001     
   3.4909090909090907      -0.94984044093312636     
   3.5272727272727269      -0.90374545938646944     
   3.5636363636363635      -0.85981336405534980     
   3.5999999999999996      -0.81795014110008057     
   3.6363636363636362      -0.77806508314892542     
   3.6727272727272724      -0.74007076088778645     
   3.7090909090909090      -0.70388298265787186     
   3.7454545454545451      -0.66942074397328832     
   3.7818181818181817      -0.63660616864655251     
   3.8181818181818179      -0.60536444300987047     
   3.8545454545454545      -0.57562374454114584     
   3.8909090909090907      -0.54731516604401553     
   3.9272727272727268      -0.52037263638867548     
   3.9636363636363634      -0.49473283869322904     
   3.9999999999999996      -0.47033512671206396     
