 X =   0.25000000000000000      Y =    0.0000000000000000      Npts =        1000
   0.0000000000000000        146.75776030328396     
   6.0060060060060060E-003   143.60436395200284     
   1.2012012012012012E-002   140.51133331569179     
   1.8018018018018018E-002   137.47756582523800     
   2.4024024024024024E-002   134.50197862293263     
   3.0030030030030030E-002   131.58350821367716     
   3.6036036036036036E-002   128.72111012233188     
   4.2042042042042038E-002   125.91375855709570     
   4.8048048048048048E-002   123.16044607881453     
   5.4054054054054057E-002   120.46018327611201     
   6.0060060060060060E-002   117.81199844624068     
   6.6066066066066062E-002   115.21493728155374     
   7.2072072072072071E-002   112.66806256149812     
   7.8078078078078081E-002   110.17045385003209     
   8.4084084084084076E-002   107.72120719837233     
   9.0090090090090086E-002   105.31943485297603     
   9.6096096096096095E-002   102.96426496866715     
  0.10210210210210210        100.65484132681625     
  0.10810810810810811        98.390323058483588     
  0.11411411411411411        96.169884372441345     
  0.12012012012012012        93.992714287986104     
  0.12612612612612611        91.858016372458891     
  0.13213213213213212        89.765008483391100     
  0.13813813813813813        87.712922515192389     
  0.14414414414414414        85.701004150303547     
  0.15015015015015015        83.728512614733944     
  0.15615615615615616        81.794720437906960     
  0.16216216216216217        79.898913216738990     
  0.16816816816816815        78.040389383875137     
  0.17417417417417416        76.218459980011431     
  0.18018018018018017        74.432448430229329     
  0.18618618618618618        72.681690324273092     
  0.19219219219219219        70.965533200701401     
  0.19819819819819820        69.283336334843327     
  0.20420420420420421        67.634470530493800     
  0.21021021021021022        66.018317915281358     
  0.21621621621621623        64.434271739643975     
  0.22222222222222221        62.881736179350717     
  0.22822822822822822        61.360126141504736     
  0.23423423423423423        59.868867073968701     
  0.24024024024024024        58.407394778150817     
  0.24624624624624625        56.975155225092891     
  0.25225225225225223        55.571604374803179     
  0.25825825825825827        54.196207998775499     
  0.26426426426426425        52.848441505639926     
  0.27027027027027029        51.527789769889367     
  0.27627627627627627        50.233746963627716     
  0.28228228228228230        48.965816391287341     
  0.28828828828828829        47.723510327262836     
  0.29429429429429427        46.506349856410033     
  0.30030030030030030        45.313864717360346     
  0.30630630630630629        44.145593148600028     
  0.31231231231231232        43.001081737266659     
  0.31831831831831831        41.879885270614608     
  0.32432432432432434        40.781566590102230     
  0.33033033033033032        39.705696448055797     
  0.33633633633633631        38.651853366863335     
  0.34234234234234234        37.619623500655159     
  0.34834834834834832        36.608600499426828     
  0.35435435435435436        35.618385375561303     
  0.36036036036036034        34.648586372708785     
  0.36636636636636638        33.698818836982149     
  0.37237237237237236        32.768705090427609     
  0.37837837837837840        31.857874306730448     
  0.38438438438438438        30.965962389116445     
  0.39039039039039036        30.092611850410517     
  0.39639639639639640        29.237471695214619     
  0.40240240240240238        28.400197304167367     
  0.40840840840840842        27.580450320249128     
  0.41441441441441440        26.777898537096284     
  0.42042042042042044        25.992215789289599     
  0.42642642642642642        25.223081844581529     
  0.43243243243243246        24.470182298028909     
  0.43843843843843844        23.733208467997013     
  0.44444444444444442        23.011857294002382     
  0.45045045045045046        22.305831236361740     
  0.45645645645645644        21.614838177615585     
  0.46246246246246248        20.938591325694880     
  0.46846846846846846        20.276809118800497     
  0.47447447447447449        19.629215131964852     
  0.48048048048048048        18.995537985266512     
  0.48648648648648646        18.375511253668527     
  0.49249249249249250        17.768873378451740     
  0.49849849849849848        17.175367580215394     
  0.50450450450450446        16.594741773416949     
  0.51051051051051055        16.026748482424434     
  0.51651651651651653        15.471144759054484     
  0.52252252252252251        14.927692101569884     
  0.52852852852852850        14.396156375111076     
  0.53453453453453448        13.876307733536272     
  0.54054054054054057        13.367920542645296     
  0.54654654654654655        12.870773304763011     
  0.55255255255255253        12.384648584658136     
  0.55855855855855852        11.909332936774078     
  0.56456456456456461        11.444616833748658     
  0.57057057057057059        10.990294596200036     
  0.57657657657657657        10.546164323756386     
  0.58258258258258255        10.112027827307649     
  0.58858858858858853        9.6876905624576697     
  0.59459459459459463        9.2729615641555920     
  0.60060060060060061        8.8676533824858108     
  0.60660660660660659        8.4715820195959335     
  0.61261261261261257        8.0845668677428595     
  0.61861861861861867        7.7064306484371254     
  0.62462462462462465        7.3369993526663251     
  0.63063063063063063        6.9761021821783542     
  0.63663663663663661        6.6235714918060760     
  0.64264264264264259        6.2792427328148230     
  0.64864864864864868        5.9429543972548524     
  0.65465465465465467        5.6145479633009909     
  0.66066066066066065        5.2938678415619860     
  0.66666666666666663        4.9807613223426612     
  0.67267267267267261        4.6750785238418739     
  0.67867867867867870        4.3766723412699227     
  0.68468468468468469        4.0853983968691008     
  0.69069069069069067        3.8011149908214783     
  0.69669669669669665        3.5236830530283951     
  0.70270270270270274        3.2529660957460815     
  0.70870870870870872        2.9888301670624822     
  0.71471471471471471        2.7311438052003214     
  0.72072072072072069        2.4797779936320121     
  0.72672672672672667        2.2346061169918028     
  0.73273273273273276        1.9955039177714262     
  0.73873873873873874        1.7623494537851974     
  0.74474474474474472        1.5350230563910379     
  0.75075075075075071        1.3134072894541398     
  0.75675675675675680        1.0973869090401625     
  0.76276276276276278       0.88684882382499408     
  0.76876876876876876       0.68168205620854994     
  0.77477477477477474       0.48177770412009990     
  0.78078078078078073       0.28702890350298854     
  0.78678678678678682        9.7330791466682928E-002
  0.79279279279279280       -8.7419529905582910E-002
  0.79879879879879878      -0.26732302910514877     
  0.80480480480480476      -0.44247878011362812     
  0.81081081081081086      -0.61298399669715498     
  0.81681681681681684      -0.77893406609009119     
  0.82282282282282282      -0.94042258207907892     
  0.82882882882882880       -1.0975413774978995     
  0.83483483483483478       -1.2503805561436641     
  0.84084084084084088       -1.3990285241244753     
  0.84684684684684686       -1.5435720206486157     
  0.85285285285285284       -1.6840961482651966     
  0.85885885885885882       -1.8206844025658424     
  0.86486486486486491       -1.9534187013570361     
  0.87087087087087089       -2.0823794133123985     
  0.87687687687687688       -2.2076453861141707     
  0.88288288288288286       -2.3292939740928644     
  0.88888888888888884       -2.4474010653739486     
  0.89489489489489493       -2.5620411085403374     
  0.90090090090090091       -2.6732871388191857     
  0.90690690690690690       -2.7812108038014336     
  0.91291291291291288       -2.8858823887023353     
  0.91891891891891886       -2.9873708411711020     
  0.92492492492492495       -3.0857437956576490     
  0.93093093093093093       -3.1810675973442124     
  0.93693693693693691       -3.2734073256496399     
  0.94294294294294290       -3.3628268173137883     
  0.94894894894894899       -3.4493886890695657     
  0.95495495495495497       -3.5331543599098216     
  0.96096096096096095       -3.6141840729563293     
  0.96696696696696693       -3.6925369169378439     
  0.97297297297297292       -3.7682708472841804     
  0.97897897897897901       -3.8414427068430901     
  0.98498498498498499       -3.9121082462266421     
  0.99099099099099097       -3.9803221437936149     
  0.99699699699699695       -4.0461380252744039     
   1.0030030030030030       -4.1096084830447133     
   1.0090090090090089       -4.1707850950542902     
   1.0150150150150150       -4.2297184434167852     
   1.0210210210210211       -4.2864581326667706     
   1.0270270270270270       -4.3410528076897572     
   1.0330330330330331       -4.3935501713310661     
   1.0390390390390389       -4.4439970016891825     
   1.0450450450450450       -4.4924391690992325     
   1.0510510510510511       -4.5389216528120198     
   1.0570570570570570       -4.5834885573740856     
   1.0630630630630631       -4.6261831287140058     
   1.0690690690690690       -4.6670477699401998     
   1.0750750750750750       -4.7061240568553346     
   1.0810810810810811       -4.7434527531923436     
   1.0870870870870870       -4.7790738255770018     
   1.0930930930930931       -4.8130264582219242     
   1.0990990990990992       -4.8453490673566977     
   1.1051051051051051       -4.8760793153988837     
   1.1111111111111112       -4.9052541248704644     
   1.1171171171171170       -4.9329096920642073     
   1.1231231231231231       -4.9590815004644790     
   1.1291291291291292       -4.9838043339267522     
   1.1351351351351351       -5.0071122896201761     
   1.1411411411411412       -5.0290387907373670     
   1.1471471471471471       -5.0496165989755539     
   1.1531531531531531       -5.0688778267931758     
   1.1591591591591592       -5.0868539494458487     
   1.1651651651651651       -5.1035758168056899     
   1.1711711711711712       -5.1190736649677948     
   1.1771771771771771       -5.1333771276476670     
   1.1831831831831832       -5.1465152473733164     
   1.1891891891891893       -5.1585164864756621     
   1.1951951951951951       -5.1694087378808353     
   1.2012012012012012       -5.1792193357078906     
   1.2072072072072071       -5.1879750656753734     
   1.2132132132132132       -5.1957021753201804     
   1.2192192192192193       -5.2024263840320053     
   1.2252252252252251       -5.2081728929066609     
   1.2312312312312312       -5.2129663944215165     
   1.2372372372372373       -5.2168310819361832     
   1.2432432432432432       -5.2197906590215801     
   1.2492492492492493       -5.2218683486204203     
   1.2552552552552552       -5.2230869020421116     
   1.2612612612612613       -5.2234686077950316     
   1.2672672672672673       -5.2230353002590597     
   1.2732732732732732       -5.2218083682012120     
   1.2792792792792793       -5.2198087631371708     
   1.2852852852852852       -5.2170570075414497     
   1.2912912912912913       -5.2135732029088935     
   1.2972972972972974       -5.2093770376701594     
   1.3033033033033032       -5.2044877949637725     
   1.3093093093093093       -5.1989243602673172     
   1.3153153153153152       -5.1927052288902713     
   1.3213213213213213       -5.1858485133309511     
   1.3273273273273274       -5.1783719504999812     
   1.3333333333333333       -5.1702929088126703     
   1.3393393393393394       -5.1616283951526407     
   1.3453453453453452       -5.1523950617089849     
   1.3513513513513513       -5.1426092126892256     
   1.3573573573573574       -5.1322868109102755     
   1.3633633633633633       -5.1214434842695971     
   1.3693693693693694       -5.1100945320986639     
   1.3753753753753755       -5.0982549314008594     
   1.3813813813813813       -5.0859393429758528     
   1.3873873873873874       -5.0731621174324797     
   1.3933933933933933       -5.0599373010921385     
   1.3993993993993994       -5.0462786417846193     
   1.4054054054054055       -5.0321995945383211     
   1.4114114114114114       -5.0177133271667369     
   1.4174174174174174       -5.0028327257530290     
   1.4234234234234233       -4.9875704000345644     
   1.4294294294294294       -4.9719386886891552     
   1.4354354354354355       -4.9559496645247902     
   1.4414414414414414       -4.9396151395745571     
   1.4474474474474475       -4.9229466700984741     
   1.4534534534534533       -4.9059555614938830     
   1.4594594594594594       -4.8886528731160386     
   1.4654654654654655       -4.8710494230105033     
   1.4714714714714714       -4.8531557925589341     
   1.4774774774774775       -4.8349823310397815     
   1.4834834834834836       -4.8165391601054734     
   1.4894894894894894       -4.7978361781775281     
   1.4954954954954955       -4.7788830647610920     
   1.5015015015015014       -4.7596892846803565     
   1.5075075075075075       -4.7402640922362300     
   1.5135135135135136       -4.7206165352877099     
   1.5195195195195195       -4.7007554592582785     
   1.5255255255255256       -4.6806895110686915     
   1.5315315315315314       -4.6604271429974720     
   1.5375375375375375       -4.6399766164704026     
   1.5435435435435436       -4.6193460057802955     
   1.5495495495495495       -4.5985432017382841     
   1.5555555555555556       -4.5775759152578734     
   1.5615615615615615       -4.5564516808729500     
   1.5675675675675675       -4.5351778601909389     
   1.5735735735735736       -4.5137616452822673     
   1.5795795795795795       -4.4922100620072944     
   1.5855855855855856       -4.4705299732818018     
   1.5915915915915915       -4.4487280822821900     
   1.5975975975975976       -4.4268109355914147     
   1.6036036036036037       -4.4047849262867746     
   1.6096096096096095       -4.3826562969705671     
   1.6156156156156156       -4.3604311427446500     
   1.6216216216216217       -4.3381154141299145     
   1.6276276276276276       -4.3157149199316649     
   1.6336336336336337       -4.2932353300518766     
   1.6396396396396395       -4.2706821782492908     
   1.6456456456456456       -4.2480608648482709     
   1.6516516516516517       -4.2253766593973765     
   1.6576576576576576       -4.2026347032785223     
   1.6636636636636637       -4.1798400122676327     
   1.6696696696696696       -4.1569974790476740     
   1.6756756756756757       -4.1341118756749058     
   1.6816816816816818       -4.1111878559991917     
   1.6876876876876876       -4.0882299580392356     
   1.6936936936936937       -4.0652426063134994     
   1.6996996996996996       -4.0422301141276558     
   1.7057057057057057       -4.0191966858193169     
   1.7117117117117118       -3.9961464189608629     
   1.7177177177177176       -3.9730833065210547     
   1.7237237237237237       -3.9500112389862472     
   1.7297297297297298       -3.9269340064419000     
   1.7357357357357357       -3.9038553006150853     
   1.7417417417417418       -3.8807787168787415     
   1.7477477477477477       -3.8577077562183368     
   1.7537537537537538       -3.8346458271616188     
   1.7597597597597598       -3.8115962476721430     
   1.7657657657657657       -3.7885622470072100     
   1.7717717717717718       -3.7655469675408697     
   1.7777777777777777       -3.7425534665526308     
   1.7837837837837838       -3.7195847179824764     
   1.7897897897897899       -3.6966436141528218     
   1.7957957957957957       -3.6737329674579970     
   1.8018018018018018       -3.6508555120218431     
   1.8078078078078077       -3.6280139053240177     
   1.8138138138138138       -3.6052107297955542     
   1.8198198198198199       -3.5824484943842552     
   1.8258258258258258       -3.5597296360904500     
   1.8318318318318318       -3.5370565214736640     
   1.8378378378378377       -3.5144314481307348     
   1.8438438438438438       -3.4918566461458762     
   1.8498498498498499       -3.4693342795132196     
   1.8558558558558558       -3.4468664475323214     
   1.8618618618618619       -3.4244551861771293     
   1.8678678678678680       -3.4021024694389030     
   1.8738738738738738       -3.3798102106435484     
   1.8798798798798799       -3.3575802637438317     
   1.8858858858858858       -3.3354144245869555     
   1.8918918918918919       -3.3133144321579073     
   1.8978978978978980       -3.2912819697990616     
   1.9039039039039038       -3.2693186664064382     
   1.9099099099099099       -3.2474260976030624     
   1.9159159159159158       -3.2256057868898376     
   1.9219219219219219       -3.2038592067743346     
   1.9279279279279280       -3.1821877798779266     
   1.9339339339339339       -3.1605928800216310     
   1.9399399399399400       -3.1390758332910664     
   1.9459459459459458       -3.1176379190809236     
   1.9519519519519519       -3.0962803711192808     
   1.9579579579579580       -3.0750043784721797     
   1.9639639639639639       -3.0538110865287971     
   1.9699699699699700       -3.0327015979675709     
   1.9759759759759759       -3.0116769737036351     
   1.9819819819819819       -2.9907382338179098     
   1.9879879879879880       -2.9698863584681723     
   1.9939939939939939       -2.9491222887824478     
   2.0000000000000000       -2.9284469277350400     
   2.0060060060060061       -2.9078611410055317     
   2.0120120120120122       -2.8873657578210525     
   2.0180180180180178       -2.8669615717821326     
   2.0240240240240239       -2.8466493416724381     
   2.0300300300300300       -2.8264297922526964     
   2.0360360360360361       -2.8063036150390879     
   2.0420420420420422       -2.7862714690663961     
   2.0480480480480479       -2.7663339816362078     
   2.0540540540540539       -2.7464917490504162     
   2.0600600600600600       -2.7267453373303261     
   2.0660660660660661       -2.7070952829216046     
   2.0720720720720722       -2.6875420933853444     
   2.0780780780780779       -2.6680862480755136     
   2.0840840840840840       -2.6487281988030089     
   2.0900900900900901       -2.6294683704866024     
   2.0960960960960962       -2.6103071617909874     
   2.1021021021021022       -2.5912449457521860     
   2.1081081081081079       -2.5722820703905418     
   2.1141141141141140       -2.5534188593115301     
   2.1201201201201201       -2.5346556122946202     
   2.1261261261261262       -2.5159926058703945     
   2.1321321321321323       -2.4974300938861571     
   2.1381381381381379       -2.4789683080602436     
   2.1441441441441440       -2.4606074585252276     
   2.1501501501501501       -2.4423477343602662     
   2.1561561561561562       -2.4241893041127374     
   2.1621621621621623       -2.4061323163094115     
   2.1681681681681679       -2.3881768999573305     
   2.1741741741741740       -2.3703231650345860     
   2.1801801801801801       -2.3525712029712045     
   2.1861861861861862       -2.3349210871202963     
   2.1921921921921923       -2.3173728732196710     
   2.1981981981981984       -2.2999265998440923     
   2.2042042042042040       -2.2825822888483440     
   2.2102102102102101       -2.2653399458012751     
   2.2162162162162162       -2.2481995604110185     
   2.2222222222222223       -2.2311611069415083     
   2.2282282282282284       -2.2142245446204942     
   2.2342342342342341       -2.1973898180391935     
   2.2402402402402402       -2.1806568575437408     
   2.2462462462462462       -2.1640255796186030     
   2.2522522522522523       -2.1474958872620888     
   2.2582582582582584       -2.1310676703541160     
   2.2642642642642641       -2.1147408060163837     
   2.2702702702702702       -2.0985151589650766     
   2.2762762762762763       -2.0823905818562713     
   2.2822822822822824       -2.0663669156241498     
   2.2882882882882885       -2.0504439898121776     
   2.2942942942942941       -2.0346216228973750     
   2.3003003003003002       -2.0188996226078015     
   2.3063063063063063       -2.0032777862334048     
   2.3123123123123124       -1.9877559009303363     
   2.3183183183183185       -1.9723337440188673     
   2.3243243243243241       -1.9570110832750338     
   2.3303303303303302       -1.9417876772161102     
   2.3363363363363363       -1.9266632753800603     
   2.3423423423423424       -1.9116376185990394     
   2.3483483483483485       -1.8967104392671026     
   2.3543543543543541       -1.8818814616021953     
   2.3603603603603602       -1.8671504019025558     
   2.3663663663663663       -1.8525169687976353     
   2.3723723723723724       -1.8379808634936232     
   2.3783783783783785       -1.8235417800137068     
   2.3843843843843842       -1.8091994054331419     
   2.3903903903903903       -1.7949534201092470     
   2.3963963963963963       -1.7808034979064227     
   2.4024024024024024       -1.7667493064162758     
   2.4084084084084085       -1.7527905071729541     
   2.4144144144144142       -1.7389267558637871     
   2.4204204204204203       -1.7251577025353033     
   2.4264264264264264       -1.7114829917947467     
   2.4324324324324325       -1.6979022630071423     
   2.4384384384384385       -1.6844151504880209     
   2.4444444444444446       -1.6710212836918825     
   2.4504504504504503       -1.6577202873964754     
   2.4564564564564564       -1.6445117818829713     
   2.4624624624624625       -1.6313953831121288     
   2.4684684684684686       -1.6183707028965086     
   2.4744744744744747       -1.6054373490688196     
   2.4804804804804803       -1.5925949256464818     
   2.4864864864864864       -1.5798430329924631     
   2.4924924924924925       -1.5671812679724815     
   2.4984984984984986       -1.5546092241086251     
   2.5045045045045047       -1.5421264917294741     
   2.5105105105105103       -1.5297326581167834     
   2.5165165165165164       -1.5174273076487976     
   2.5225225225225225       -1.5052100219402715     
   2.5285285285285286       -1.4930803799792425     
   2.5345345345345347       -1.4810379582606372     
   2.5405405405405403       -1.4690823309167638     
   2.5465465465465464       -1.4572130698447532     
   2.5525525525525525       -1.4454297448310172     
   2.5585585585585586       -1.4337319236727692     
   2.5645645645645647       -1.4221191722966737     
   2.5705705705705704       -1.4105910548746836     
   2.5765765765765765       -1.3991471339371084     
   2.5825825825825826       -1.3877869704829935     
   2.5885885885885886       -1.3765101240878310     
   2.5945945945945947       -1.3653161530086810     
   2.6006006006006004       -1.3542046142867454     
   2.6066066066066065       -1.3431750638474398     
   2.6126126126126126       -1.3322270565980303     
   2.6186186186186187       -1.3213601465228615     
   2.6246246246246248       -1.3105738867762422     
   2.6306306306306304       -1.2998678297730271     
   2.6366366366366365       -1.2892415272769404     
   2.6426426426426426       -1.2786945304866957     
   2.6486486486486487       -1.2682263901199418     
   2.6546546546546548       -1.2578366564950920     
   2.6606606606606604       -1.2475248796110729     
   2.6666666666666665       -1.2372906092250326     
   2.6726726726726726       -1.2271333949280605     
   2.6786786786786787       -1.2170527862189455     
   2.6846846846846848       -1.2070483325760200     
   2.6906906906906904       -1.1971195835271295     
   2.6966966966966965       -1.1872660887177613     
   2.7027027027027026       -1.1774873979773774     
   2.7087087087087087       -1.1677830613839766     
   2.7147147147147148       -1.1581526293269375     
   2.7207207207207209       -1.1485956525681604     
   2.7267267267267266       -1.1391116823015610     
   2.7327327327327327       -1.1297002702109329     
   2.7387387387387387       -1.1203609685262310     
   2.7447447447447448       -1.1110933300782859     
   2.7507507507507509       -1.1018969083520052     
   2.7567567567567566       -1.0927712575380750     
   2.7627627627627627       -1.0837159325832024     
   2.7687687687687688       -1.0747304892389296     
   2.7747747747747749       -1.0658144841090438     
   2.7807807807807809       -1.0569674746956139     
   2.7867867867867866       -1.0481890194436916     
   2.7927927927927927       -1.0394786777846849     
   2.7987987987987988       -1.0308360101784624     
   2.8048048048048049       -1.0222605781541805     
   2.8108108108108110       -1.0137519443498895     
   2.8168168168168166       -1.0053096725509263     
   2.8228228228228227      -0.99693332772712706     
   2.8288288288288288      -0.98862247606888676     
   2.8348348348348349      -0.98037668502208575     
   2.8408408408408410      -0.97219552332190440     
   2.8468468468468466      -0.96407856102556388     
   2.8528528528528527      -0.95602536954399520     
   2.8588588588588588      -0.94803552167248240     
   2.8648648648648649      -0.94010859162028226     
   2.8708708708708710      -0.93224415503925662     
   2.8768768768768767      -0.92444178905152941     
   2.8828828828828827      -0.91670107227619402     
   2.8888888888888888      -0.90902158485509688     
   2.8948948948948949      -0.90140290847770255     
   2.9009009009009010      -0.89384462640507678     
   2.9069069069069067      -0.88634632349299936     
   2.9129129129129128      -0.87890758621422005     
   2.9189189189189189      -0.87152800267989361     
   2.9249249249249250      -0.86420716266019126     
   2.9309309309309310      -0.85694465760412597     
   2.9369369369369367      -0.84974008065859286     
   2.9429429429429428      -0.84259302668665303     
   2.9489489489489489      -0.83550309228507880     
   2.9549549549549550      -0.82846987580116360     
   2.9609609609609611      -0.82149297734883042     
   2.9669669669669672      -0.81457199882404341     
   2.9729729729729728      -0.80770654391953967     
   2.9789789789789789      -0.80089621813890199     
   2.9849849849849850      -0.79414062880998459     
   2.9909909909909911      -0.78743938509770262     
   2.9969969969969972      -0.78079209801620741     
   3.0030030030030028      -0.77419838044045786     
   3.0090090090090089      -0.76765784711719909     
   3.0150150150150150      -0.76117011467537088     
   3.0210210210210211      -0.75473480163594953     
   3.0270270270270272      -0.74835152842124131     
   3.0330330330330328      -0.74201991736364059     
   3.0390390390390389      -0.73573959271386380     
   3.0450450450450450      -0.72951018064867512     
   3.0510510510510511      -0.72333130927810696     
   3.0570570570570572      -0.71720260865219998     
   3.0630630630630629      -0.71112371076726577     
   3.0690690690690690      -0.70509424957168187     
   3.0750750750750750      -0.69911386097124129     
   3.0810810810810811      -0.69318218283405564     
   3.0870870870870872      -0.68729885499502774     
   3.0930930930930929      -0.68146351925990611     
   3.0990990990990990      -0.67567581940892740     
   3.1051051051051051      -0.66993540120006279     
   3.1111111111111112      -0.66424191237186947     
   3.1171171171171173      -0.65859500264596793     
   3.1231231231231229      -0.65299432372914312     
   3.1291291291291290      -0.64743952931508941     
   3.1351351351351351      -0.64193027508580125     
   3.1411411411411412      -0.63646621871262254     
   3.1471471471471473      -0.63104701985695910     
   3.1531531531531529      -0.62567234017067053     
   3.1591591591591590      -0.62034184329613784     
   3.1651651651651651      -0.61505519486603222     
   3.1711711711711712      -0.60981206250277398     
   3.1771771771771773      -0.60461211581770458     
   3.1831831831831829      -0.59945502640997195     
   3.1891891891891890      -0.59434046786513728     
   3.1951951951951951      -0.58926811575351534     
   3.2012012012012012      -0.58423764762825026     
   3.2072072072072073      -0.57924874302313556     
   3.2132132132132134      -0.57430108345018749     
   3.2192192192192191      -0.56939435239697611     
   3.2252252252252251      -0.56452823532372087     
   3.2312312312312312      -0.55970241966016032     
   3.2372372372372373      -0.55491659480219990     
   3.2432432432432434      -0.55017045210834059     
   3.2492492492492491      -0.54546368489590469     
   3.2552552552552552      -0.54079598843705212     
   3.2612612612612613      -0.53616705995460545     
   3.2672672672672673      -0.53157659861767970     
   3.2732732732732734      -0.52702430553712620     
   3.2792792792792791      -0.52250988376080176     
   3.2852852852852852      -0.51803303826865454     
   3.2912912912912913      -0.51359347596764715     
   3.2972972972972974      -0.50919090568651659     
   3.3033033033033035      -0.50482503817036661     
   3.3093093093093091      -0.50049558607511746     
   3.3153153153153152      -0.49620226396179662     
   3.3213213213213213      -0.49194478829069072     
   3.3273273273273274      -0.48772287741535880     
   3.3333333333333335      -0.48353625157650348     
   3.3393393393393391      -0.47938463289572064     
   3.3453453453453452      -0.47526774536911515     
   3.3513513513513513      -0.47118531486079845     
   3.3573573573573574      -0.46713706909627051     
   3.3633633633633635      -0.46312273765568024     
   3.3693693693693691      -0.45914205196698732     
   3.3753753753753752      -0.45519474529900678     
   3.3813813813813813      -0.45128055275436052     
   3.3873873873873874      -0.44739921126232801     
   3.3933933933933935      -0.44355045957159867     
   3.3993993993993992      -0.43973403824294072     
   3.4054054054054053      -0.43594968964177511     
   3.4114114114114114      -0.43219715793067004     
   3.4174174174174174      -0.42847618906175611     
   3.4234234234234235      -0.42478653076905781     
   3.4294294294294292      -0.42112793256075920     
   3.4354354354354353      -0.41750014571139105     
   3.4414414414414414      -0.41390292325395411     
   3.4474474474474475      -0.41033601997197960     
   3.4534534534534536      -0.40679919239152001     
   3.4594594594594597      -0.40329219877309047     
   3.4654654654654653      -0.39981479910354528     
   3.4714714714714714      -0.39636675508790536     
   3.4774774774774775      -0.39294783014113577     
   3.4834834834834836      -0.38955778937986935     
   3.4894894894894897      -0.38619639961409202     
   3.4954954954954953      -0.38286342933877715     
   3.5015015015015014      -0.37955864872548439     
   3.5075075075075075      -0.37628182961391904     
   3.5135135135135136      -0.37303274550345183     
   3.5195195195195197      -0.36981117154461046     
   3.5255255255255253      -0.36661688453053265     
   3.5315315315315314      -0.36344966288839481     
   3.5375375375375375      -0.36030928667081258     
   3.5435435435435436      -0.35719553754721101     
   3.5495495495495497      -0.35410819879517924     
   3.5555555555555554      -0.35104705529179536     
   3.5615615615615615      -0.34801189350493722     
   3.5675675675675675      -0.34500250148457495     
   3.5735735735735736      -0.34201866885404292     
   3.5795795795795797      -0.33906018680130473     
   3.5855855855855854      -0.33612684807019849     
   3.5915915915915915      -0.33321844695167563     
   3.5975975975975976      -0.33033477927503119     
   3.6036036036036037      -0.32747564239912103     
   3.6096096096096097      -0.32464083520358050     
   3.6156156156156154      -0.32183015808003185     
   3.6216216216216215      -0.31904341292329241     
   3.6276276276276276      -0.31628040312258154     
   3.6336336336336337      -0.31354093355272322     
   3.6396396396396398      -0.31082481056535538     
   3.6456456456456454      -0.30813184198013654     
   3.6516516516516515      -0.30546183707595920     
   3.6576576576576576      -0.30281460658216913     
   3.6636636636636637      -0.30018996266978587     
   3.6696696696696698      -0.29758771894273778     
   3.6756756756756754      -0.29500769042909880     
   3.6816816816816815      -0.29244969357233919     
   3.6876876876876876      -0.28991354622258692     
   3.6936936936936937      -0.28739906762789774     
   3.6996996996996998      -0.28490607842554255     
   3.7057057057057055      -0.28243440063330388     
   3.7117117117117115      -0.27998385764079142     
   3.7177177177177176      -0.27755427420077211     
   3.7237237237237237      -0.27514547642051429     
   3.7297297297297298      -0.27275729175315461     
   3.7357357357357359      -0.27038954898907769     
   3.7417417417417416      -0.26804207824732090     
   3.7477477477477477      -0.26571471096699378     
   3.7537537537537538      -0.26340727989872242     
   3.7597597597597598      -0.26111961909611503     
   3.7657657657657659      -0.25885156390724706     
   3.7717717717717716      -0.25660295096617380     
   3.7777777777777777      -0.25437361818446313     
   3.7837837837837838      -0.25216340474275506     
   3.7897897897897899      -0.24997215108234702     
   3.7957957957957960      -0.24779969889680156     
   3.8018018018018016      -0.24564589112358556     
   3.8078078078078077      -0.24351057193573189     
   3.8138138138138138      -0.24139358673353117     
   3.8198198198198199      -0.23929478213625296     
   3.8258258258258260      -0.23721400597389122     
   3.8318318318318316      -0.23515110727894500     
   3.8378378378378377      -0.23310593627822324     
   3.8438438438438438      -0.23107834438468350     
   3.8498498498498499      -0.22906818418930130     
   3.8558558558558560      -0.22707530945296767     
   3.8618618618618616      -0.22509957509842246     
   3.8678678678678677      -0.22314083720221584     
   3.8738738738738738      -0.22119895298670442     
   3.8798798798798799      -0.21927378081208110     
   3.8858858858858860      -0.21736518016843417     
   3.8918918918918917      -0.21547301166784516     
   3.8978978978978978      -0.21359713703651589     
   3.9039039039039038      -0.21173741910693264     
   3.9099099099099099      -0.20989372181006438     
   3.9159159159159160      -0.20806591016759413     
   3.9219219219219217      -0.20625385028418844     
   3.9279279279279278      -0.20445740933979883     
   3.9339339339339339      -0.20267645558200123     
   3.9399399399399400      -0.20091085831837155     
   3.9459459459459461      -0.19916048790889460     
   3.9519519519519517      -0.19742521575841310     
   3.9579579579579578      -0.19570491430911000     
   3.9639639639639639      -0.19399945703302929     
   3.9699699699699700      -0.19230871842463451     
   3.9759759759759761      -0.19063257399340114     
   3.9819819819819822      -0.18897090025645089     
   3.9879879879879878      -0.18732357473121933     
   3.9939939939939939      -0.18569047592816296     
   4.0000000000000000      -0.18407148334350515     
   4.0060060060060056      -0.18246647745201758     
   4.0120120120120122      -0.18087533969984063     
   4.0180180180180178      -0.17929795249734362     
   4.0240240240240244      -0.17773419921201961     
   4.0300300300300300      -0.17618396416142285     
   4.0360360360360357      -0.17464713260614087     
   4.0420420420420422      -0.17312359074280673     
   4.0480480480480479      -0.17161322569715093     
   4.0540540540540544      -0.17011592551708923     
   4.0600600600600600      -0.16863157916585206     
   4.0660660660660657      -0.16716007651514944     
   4.0720720720720722      -0.16570130833837809     
   4.0780780780780779      -0.16425516630386486     
   4.0840840840840844      -0.16282154296814980     
   4.0900900900900901      -0.16140033176930876     
   4.0960960960960957      -0.15999142702031269     
   4.1021021021021022      -0.15859472390242857     
   4.1081081081081079      -0.15721011845865779     
   4.1141141141141144      -0.15583750758721218     
   4.1201201201201201      -0.15447678903503193     
   4.1261261261261257      -0.15312786139133930     
   4.1321321321321323      -0.15179062408123245     
   4.1381381381381379      -0.15046497735931916     
   4.1441441441441444      -0.14915082230338625     
   4.1501501501501501      -0.14784806080811155     
   4.1561561561561557      -0.14655659557881115     
   4.1621621621621623      -0.14527633012522673     
   4.1681681681681679      -0.14400716875535252     
   4.1741741741741745      -0.14274901656929825     
   4.1801801801801801      -0.14150177945319317     
   4.1861861861861858      -0.14026536407312565     
   4.1921921921921923      -0.13903967786912405     
   4.1981981981981980      -0.13782462904917406     
   4.2042042042042045      -0.13662012658327349     
   4.2102102102102101      -0.13542608019752797     
   4.2162162162162158      -0.13424240036828092     
   4.2222222222222223      -0.13306899831628458     
   4.2282282282282280      -0.13190578600090763     
   4.2342342342342345      -0.13075267611437913     
   4.2402402402402402      -0.12960958207607315     
   4.2462462462462458      -0.12847641802682802     
   4.2522522522522523      -0.12735309882330403     
   4.2582582582582580      -0.12623954003237953     
   4.2642642642642645      -0.12513565792558198     
   4.2702702702702702      -0.12404136947355832     
   4.2762762762762758      -0.12295659234058016     
   4.2822822822822824      -0.12188124487908743     
   4.2882882882882880      -0.12081524612426862     
   4.2942942942942945      -0.11975851578867606     
   4.3003003003003002      -0.11871097425687993     
   4.3063063063063058      -0.11767254258015605     
   4.3123123123123124      -0.11664314247121228     
   4.3183183183183180      -0.11562269629894981     
   4.3243243243243246      -0.11461112708325945     
   4.3303303303303302      -0.11360835848985615     
   4.3363363363363359      -0.11261431482514665     
   4.3423423423423424      -0.11162892103113382     
   4.3483483483483480      -0.11065210268035711     
   4.3543543543543546      -0.10968378597086584     
   4.3603603603603602      -0.10872389772123067     
   4.3663663663663668      -0.10777236536558703     
   4.3723723723723724      -0.10682911694871579     
   4.3783783783783781      -0.10589408112115614     
   4.3843843843843846      -0.10496718713435529     
   4.3903903903903903      -0.10404836483585131     
   4.3963963963963968      -0.10313754466448911     
   4.4024024024024024      -0.10223465764567322     
   4.4084084084084081      -0.10133963538665104     
   4.4144144144144146      -0.10045241007183255     
   4.4204204204204203       -9.9572914458142300E-002
   4.4264264264264268       -9.8701081870404023E-002
   4.4324324324324325       -9.7836846196760627E-002
   4.4384384384384381       -9.6980141884124987E-002
   4.4444444444444446       -9.6130903933664469E-002
   4.4504504504504503       -9.5289067896319163E-002
   4.4564564564564568       -9.4454569868350588E-002
   4.4624624624624625       -9.3627346486924973E-002
   4.4684684684684681       -9.2807334925726695E-002
   4.4744744744744747       -9.1994472890605264E-002
   4.4804804804804803       -9.1188698615254055E-002
   4.4864864864864868       -9.0389950856919601E-002
   4.4924924924924925       -8.9598168892144003E-002
   4.4984984984984981       -8.8813292512536987E-002
   4.5045045045045047       -8.8035262020580929E-002
   4.5105105105105103       -8.7264018225465978E-002
   4.5165165165165169       -8.6499502438955392E-002
   4.5225225225225225       -8.5741656471283442E-002
   4.5285285285285282       -8.4990422627081896E-002
   4.5345345345345347       -8.4245743701337777E-002
   4.5405405405405403       -8.3507562975381810E-002
   4.5465465465465469       -8.2775824212905288E-002
   4.5525525525525525       -8.2050471656008900E-002
   4.5585585585585582       -8.1331450021279145E-002
   4.5645645645645647       -8.0618704495895421E-002
   4.5705705705705704       -7.9912180733766727E-002
   4.5765765765765769       -7.9211824851696283E-002
   4.5825825825825826       -7.8517583425576451E-002
   4.5885885885885882       -7.7829403486611187E-002
   4.5945945945945947       -7.7147232517568345E-002
   4.6006006006006004       -7.6471018449059971E-002
   4.6066066066066069       -7.5800709655850090E-002
   4.6126126126126126       -7.5136254953192358E-002
   4.6186186186186182       -7.4477603593193706E-002
   4.6246246246246248       -7.3824705261207324E-002
   4.6306306306306304       -7.3177510072252677E-002
   4.6366366366366369       -7.2535968567462250E-002
   4.6426426426426426       -7.1900031710557158E-002
   4.6486486486486482       -7.1269650884348335E-002
   4.6546546546546548       -7.0644777887265212E-002
   4.6606606606606604       -7.0025364929911779E-002
   4.6666666666666670       -6.9411364631648029E-002
   4.6726726726726726       -6.8802730017198763E-002
   4.6786786786786783       -6.8199414513288384E-002
   4.6846846846846848       -6.7601371945301317E-002
   4.6906906906906904       -6.7008556533969491E-002
   4.6966966966966970       -6.6420922892084081E-002
   4.7027027027027026       -6.5838426021234270E-002
   4.7087087087087083       -6.5261021308570005E-002
   4.7147147147147148       -6.4688664523591344E-002
   4.7207207207207205       -6.4121311814962237E-002
   4.7267267267267270       -6.3558919707348810E-002
   4.7327327327327327       -6.3001445098283509E-002
   4.7387387387387383       -6.2448845255052787E-002
   4.7447447447447448       -6.1901077811609473E-002
   4.7507507507507505       -6.1358100765510293E-002
   4.7567567567567570       -6.0819872474875782E-002
   4.7627627627627627       -6.0286351655376012E-002
   4.7687687687687683       -5.9757497377238615E-002
   4.7747747747747749       -5.9233269062281040E-002
   4.7807807807807805       -5.8713626480966653E-002
   4.7867867867867870       -5.8198529749483197E-002
   4.7927927927927927       -5.7687939326845343E-002
   4.7987987987987983       -5.7181816012019292E-002
   4.8048048048048049       -5.6680120941071103E-002
   4.8108108108108105       -5.6182815584337090E-002
   4.8168168168168171       -5.5689861743616842E-002
   4.8228228228228227       -5.5201221549388890E-002
   4.8288288288288284       -5.4716857458047871E-002
   4.8348348348348349       -5.4236732249164574E-002
   4.8408408408408405       -5.3760809022767531E-002
   4.8468468468468471       -5.3289051196645731E-002
   4.8528528528528527       -5.2821422503674220E-002
   4.8588588588588584       -5.2357886989159864E-002
   4.8648648648648649       -5.1898409008208871E-002
   4.8708708708708706       -5.1442953223115956E-002
   4.8768768768768771       -5.0991484600773303E-002
   4.8828828828828827       -5.0543968410101697E-002
   4.8888888888888893       -5.0100370219501152E-002
   4.8948948948948949       -4.9660655894322975E-002
   4.9009009009009006       -4.9224791594361390E-002
   4.9069069069069071       -4.8792743771366186E-002
   4.9129129129129128       -4.8364479166575096E-002
   4.9189189189189193       -4.7939964808265650E-002
   4.9249249249249250       -4.7519168009327963E-002
   4.9309309309309306       -4.7102056364855947E-002
   4.9369369369369371       -4.6688597749758698E-002
   4.9429429429429428       -4.6278760316391498E-002
   4.9489489489489493       -4.5872512492205079E-002
   4.9549549549549550       -4.5469822977415211E-002
   4.9609609609609606       -4.5070660742690151E-002
   4.9669669669669672       -4.4674995026857379E-002
   4.9729729729729728       -4.4282795334629338E-002
   4.9789789789789793       -4.3894031434346899E-002
   4.9849849849849850       -4.3508673355742024E-002
   4.9909909909909906       -4.3126691387717950E-002
   4.9969969969969972       -4.2748056076148157E-002
   5.0030030030030028       -4.2372738221693060E-002
   5.0090090090090094       -4.2000708877634144E-002
   5.0150150150150150       -4.1631939347726743E-002
   5.0210210210210207       -4.1266401184069337E-002
   5.0270270270270272       -4.0904066184991157E-002
   5.0330330330330328       -4.0544906392956812E-002
   5.0390390390390394       -4.0188894092487708E-002
   5.0450450450450450       -3.9836001808101401E-002
   5.0510510510510507       -3.9486202302267064E-002
   5.0570570570570572       -3.9139468573378029E-002
   5.0630630630630629       -3.8795773853741444E-002
   5.0690690690690694       -3.8455091607583702E-002
   5.0750750750750750       -3.8117395529072923E-002
   5.0810810810810807       -3.7782659540357463E-002
   5.0870870870870872       -3.7450857789620547E-002
   5.0930930930930929       -3.7121964649151330E-002
   5.0990990990990994       -3.6795954713431313E-002
   5.1051051051051051       -3.6472802797237219E-002
   5.1111111111111107       -3.6152483933758792E-002
   5.1171171171171173       -3.5834973372732955E-002
   5.1231231231231229       -3.5520246578593026E-002
   5.1291291291291294       -3.5208279228632969E-002
   5.1351351351351351       -3.4899047211187674E-002
   5.1411411411411407       -3.4592526623827377E-002
   5.1471471471471473       -3.4288693771567763E-002
   5.1531531531531529       -3.3987525165094790E-002
   5.1591591591591595       -3.3688997519003776E-002
   5.1651651651651651       -3.3393087750053951E-002
   5.1711711711711708       -3.3099772975436766E-002
   5.1771771771771773       -3.2809030511058927E-002
   5.1831831831831829       -3.2520837869839982E-002
   5.1891891891891895       -3.2235172760023481E-002
   5.1951951951951951       -3.1952013083502845E-002
   5.2012012012012008       -3.1671336934160584E-002
   5.2072072072072073       -3.1393122596221963E-002
   5.2132132132132130       -3.1117348542621992E-002
   5.2192192192192195       -3.0843993433386160E-002
   5.2252252252252251       -3.0573036114024905E-002
   5.2312312312312308       -3.0304455613941003E-002
   5.2372372372372373       -3.0038231144850883E-002
   5.2432432432432430       -2.9774342099218819E-002
   5.2492492492492495       -2.9512768048704046E-002
   5.2552552552552552       -2.9253488742621438E-002
   5.2612612612612608       -2.8996484106414536E-002
   5.2672672672672673       -2.8741734240141537E-002
   5.2732732732732730       -2.8489219416974333E-002
   5.2792792792792795       -2.8238920081709456E-002
   5.2852852852852852       -2.7990816849292260E-002
   5.2912912912912908       -2.7744890503352927E-002
   5.2972972972972974       -2.7501121994754983E-002
   5.3033033033033030       -2.7259492440156241E-002
   5.3093093093093096       -2.7019983120581341E-002
   5.3153153153153152       -2.6782575480006839E-002
   5.3213213213213209       -2.6547251123957699E-002
   5.3273273273273274       -2.6313991818116007E-002
   5.3333333333333330       -2.6082779486941300E-002
   5.3393393393393396       -2.5853596212302196E-002
   5.3453453453453452       -2.5626424232120186E-002
   5.3513513513513509       -2.5401245939024160E-002
   5.3573573573573574       -2.5178043879016825E-002
   5.3633633633633631       -2.4956800750152230E-002
   5.3693693693693696       -2.4737499401224126E-002
   5.3753753753753752       -2.4520122830466028E-002
   5.3813813813813809       -2.4304654184261684E-002
   5.3873873873873874       -2.4091076755866667E-002
   5.3933933933933931       -2.3879373984140990E-002
   5.3993993993993996       -2.3669529452291997E-002
   5.4054054054054053       -2.3461526886628274E-002
   5.4114114114114118       -2.3255350155323883E-002
   5.4174174174174174       -2.3050983267193265E-002
   5.4234234234234231       -2.2848410370476174E-002
   5.4294294294294296       -2.2647615751633321E-002
   5.4354354354354353       -2.2448583834152047E-002
   5.4414414414414418       -2.2251299177361874E-002
   5.4474474474474475       -2.2055746475260665E-002
   5.4534534534534531       -2.1861910555350174E-002
   5.4594594594594597       -2.1669776377481759E-002
   5.4654654654654653       -2.1479329032712036E-002
   5.4714714714714718       -2.1290553742167866E-002
   5.4774774774774775       -2.1103435855921306E-002
   5.4834834834834831       -2.0917960851874015E-002
   5.4894894894894897       -2.0734114334651072E-002
   5.4954954954954953       -2.0551882034504421E-002
   5.5015015015015019       -2.0371249806225320E-002
   5.5075075075075075       -2.0192203628066414E-002
   5.5135135135135132       -2.0014729600672569E-002
   5.5195195195195197       -1.9838813946021227E-002
   5.5255255255255253       -1.9664443006371577E-002
   5.5315315315315319       -1.9491603243222518E-002
   5.5375375375375375       -1.9320281236279959E-002
   5.5435435435435432       -1.9150463682432377E-002
   5.5495495495495497       -1.8982137394735563E-002
   5.5555555555555554       -1.8815289301405833E-002
   5.5615615615615619       -1.8649906444821684E-002
   5.5675675675675675       -1.8485975980534360E-002
   5.5735735735735732       -1.8323485176286482E-002
   5.5795795795795797       -1.8162421411039187E-002
   5.5855855855855854       -1.8002772174007774E-002
   5.5915915915915919       -1.7844525063705239E-002
   5.5975975975975976       -1.7687667786994307E-002
   5.6036036036036032       -1.7532188158147277E-002
   5.6096096096096097       -1.7378074097914139E-002
   5.6156156156156154       -1.7225313632598653E-002
   5.6216216216216219       -1.7073894893142098E-002
   5.6276276276276276       -1.6923806114215185E-002
   5.6336336336336332       -1.6775035633317403E-002
   5.6396396396396398       -1.6627571889884389E-002
   5.6456456456456454       -1.6481403424402827E-002
   5.6516516516516520       -1.6336518877532739E-002
   5.6576576576576576       -1.6192906989237681E-002
   5.6636636636636633       -1.6050556597922049E-002
   5.6696696696696698       -1.5909456639575888E-002
   5.6756756756756754       -1.5769596146927217E-002
   5.6816816816816820       -1.5630964248601248E-002
   5.6876876876876876       -1.5493550168287259E-002
   5.6936936936936933       -1.5357343223912225E-002
   5.6996996996996998       -1.5222332826821736E-002
   5.7057057057057055       -1.5088508480968026E-002
   5.7117117117117120       -1.4955859782104728E-002
   5.7177177177177176       -1.4824376416988805E-002
   5.7237237237237233       -1.4694048162589088E-002
   5.7297297297297298       -1.4564864885301848E-002
   5.7357357357357355       -1.4436816540172998E-002
   5.7417417417417420       -1.4309893170126873E-002
   5.7477477477477477       -1.4184084905201932E-002
   5.7537537537537533       -1.4059381961792674E-002
   5.7597597597597598       -1.3935774641898373E-002
   5.7657657657657655       -1.3813253332378159E-002
   5.7717717717717720       -1.3691808504212389E-002
   5.7777777777777777       -1.3571430711770662E-002
   5.7837837837837833       -1.3452110592085847E-002
   5.7897897897897899       -1.3333838864134476E-002
   5.7957957957957955       -1.3216606328123465E-002
   5.8018018018018020       -1.3100403864782695E-002
   5.8078078078078077       -1.2985222434663960E-002
   5.8138138138138133       -1.2871053077445795E-002
   5.8198198198198199       -1.2757886911244298E-002
   5.8258258258258255       -1.2645715131930062E-002
   5.8318318318318321       -1.2534529012450731E-002
   5.8378378378378377       -1.2424319902159654E-002
   5.8438438438438434       -1.2315079226150090E-002
   5.8498498498498499       -1.2206798484595370E-002
   5.8558558558558556       -1.2099469252094675E-002
   5.8618618618618621       -1.1993083177024319E-002
   5.8678678678678677       -1.1887631980894924E-002
   5.8738738738738734       -1.1783107457713821E-002
   5.8798798798798799       -1.1679501473353206E-002
   5.8858858858858856       -1.1576805964923664E-002
   5.8918918918918921       -1.1475012940152997E-002
   5.8978978978978978       -1.1374114476770647E-002
   5.9039039039039043       -1.1274102721897196E-002
   5.9099099099099099       -1.1174969891439351E-002
   5.9159159159159156       -1.1076708269489945E-002
   5.9219219219219221       -1.0979310207733343E-002
   5.9279279279279278       -1.0882768124855858E-002
   5.9339339339339343       -1.0787074505961218E-002
   5.9399399399399400       -1.0692221901991292E-002
   5.9459459459459456       -1.0598202929151552E-002
   5.9519519519519521       -1.0505010268341747E-002
   5.9579579579579578       -1.0412636664591406E-002
   5.9639639639639643       -1.0321074926500114E-002
   5.9699699699699700       -1.0230317925682889E-002
   5.9759759759759756       -1.0140358596220117E-002
   5.9819819819819822       -1.0051189934112333E-002
   5.9879879879879878       -9.9628049967398179E-003
   5.9939939939939944       -9.8751969023267022E-003
   6.0000000000000000       -9.7883588294098763E-003
