 X =   0.25000000000000000      Y =   0.25000000000000000      Npts =        1000
   0.0000000000000000        30.330313127264045     
   6.0060060060060060E-003   29.551180215457745     
   1.2012012012012012E-002   28.786411727936578     
   1.8018018018018018E-002   28.035768795079463     
   2.4024024024024024E-002   27.299016353310126     
   3.0030030030030030E-002   26.575923085632621     
   3.6036036036036036E-002   25.866261363087094     
   4.2042042042042038E-002   25.169807187111893     
   4.8048048048048048E-002   24.486340132797718     
   5.4054054054054057E-002   23.815643293020276     
   6.0060060060060060E-002   23.157503223437683     
   6.6066066066066062E-002   22.511709888339755     
   7.2072072072072071E-002   21.878056607335370     
   7.8078078078078081E-002   21.256340002865681     
   8.4084084084084076E-002   20.646359948529994     
   9.0090090090090086E-002   20.047919518211881     
   9.6096096096096095E-002   19.460824935993490     
  0.10210210210210210        18.884885526845348     
  0.10810810810810811        18.319913668080286     
  0.11411411411411411        17.765724741559328     
  0.12012012012012012        17.222137086638014     
  0.12612612612612611        16.688971953842032     
  0.13213213213213212        16.166053459260432     
  0.13813813813813813        15.653208539645705     
  0.14414414414414414        15.150266908209893     
  0.15015015015015015        14.657061011105560     
  0.15615615615615616        14.173425984581662     
  0.16216216216216217        13.699199612803413     
  0.16816816816816815        13.234222286326135     
  0.17417417417417416        12.778336961213022     
  0.18018018018018017        12.331389118786825     
  0.18618618618618618        11.893226726005677     
  0.19219219219219219        11.463700196453496     
  0.19819819819819820        11.042662351935451     
  0.20420420420420421        10.629968384669068     
  0.21021021021021022        10.225475820062103     
  0.21621621621621623        9.8290444800675871     
  0.22222222222222221        9.4405364471077835     
  0.22822822822822822        9.0598160285577602     
  0.23423423423423423        8.6867497217802399     
  0.24024024024024024        8.3212061797031076     
  0.24624624624624625        7.9630561769311994     
  0.25225225225225223        7.6121725763842143     
  0.25825825825825827        7.2684302964525749     
  0.26426426426426425        6.9317062786631567     
  0.27027027027027029        6.6018794558472811     
  0.27627627627627627        6.2788307208028673     
  0.28228228228228230        5.9624428954434112     
  0.28828828828828829        5.6526007004261825     
  0.29429429429429427        5.3491907252521189     
  0.30030030030030030        5.0521013988304260     
  0.30630630630630629        4.7612229605003416     
  0.31231231231231232        4.4764474315033143     
  0.31831831831831831        4.1976685868985903     
  0.32432432432432434        3.9247819279150788     
  0.33033033033033032        3.6576846547332837     
  0.33633633633633631        3.3962756396900886     
  0.34234234234234234        3.1404554009003567     
  0.34834834834834832        2.8901260762885479     
  0.35435435435435436        2.6451913980242492     
  0.36036036036036034        2.4055566673553064     
  0.36636636636636638        2.1711287298323434     
  0.37237237237237236        1.9418159509187733     
  0.37837837837837840        1.7175281919802410     
  0.38438438438438438        1.4981767866476359     
  0.39039039039039036        1.2836745175479842     
  0.39639639639639640        1.0739355933974568     
  0.40240240240240238       0.86887562645092631     
  0.40840840840840842       0.66841161030260743     
  0.41441441441441440       0.47246189803226840     
  0.42042042042042044       0.28094618069174487     
  0.42642642642642642        9.3785466126530617E-002
  0.43243243243243246       -8.9097941872932004E-002
  0.43843843843843844      -0.26778046409499989     
  0.44444444444444442      -0.44233726611103924     
  0.45045045045045046      -0.61284227816474401     
  0.45645645645645644      -0.77936821475153506     
  0.46246246246246248      -0.94198659389288053     
  0.46846846846846846       -1.1007677561101039     
  0.47447447447447449       -1.2557808831025361     
  0.48048048048048048       -1.4070940161343626     
  0.48648648648648646       -1.5547740741348390     
  0.49249249249249250       -1.6988868715162040     
  0.49849849849849848       -1.8394971357137064     
  0.50450450450450446       -1.9766685244520292     
  0.51051051051051055       -2.1104636427423409     
  0.51651651651651653       -2.2409440596141281     
  0.52252252252252251       -2.3681703245859360     
  0.52852852852852850       -2.4922019838790490     
  0.53453453453453448       -2.6130975963780667     
  0.54054054054054057       -2.7309147493422961     
  0.54654654654654655       -2.8457100738718597     
  0.55255255255255253       -2.9575392601322634     
  0.55855855855855852       -3.0664570723411546     
  0.56456456456456461       -3.1725173635210142     
  0.57057057057057059       -3.2757730900213291     
  0.57657657657657657       -3.3762763258138735     
  0.58258258258258255       -3.4740782765645783     
  0.58858858858858853       -3.5692292934854382     
  0.59459459459459463       -3.6617788869699015     
  0.60060060060060061       -3.7517757400150491     
  0.60660660660660659       -3.8392677214339042     
  0.61261261261261257       -3.9243018988610827     
  0.61861861861861867       -4.0069245515550254     
  0.62462462462462465       -4.0871811829999176     
  0.63063063063063063       -4.1651165333104485     
  0.63663663663663661       -4.2407745914424053     
  0.64264264264264259       -4.3141986072121821     
  0.64864864864864868       -4.3854311031280782     
  0.65465465465465467       -4.4545138860363798     
  0.66066066066066065       -4.5214880585850565     
  0.66666666666666663       -4.5863940305078836     
  0.67267267267267261       -4.6492715297318092     
  0.67867867867867870       -4.7101596133103047     
  0.68468468468468469       -4.7690966781853286     
  0.69069069069069067       -4.8261204717806612     
  0.69669669669669665       -4.8812681024291615     
  0.70270270270270274       -4.9345760496365241     
  0.70870870870870872       -4.9860801741840675     
  0.71471471471471471       -5.0358157280730964     
  0.72072072072072069       -5.0838173643132389     
  0.72672672672672667       -5.1301191465572034     
  0.73273273273273276       -5.1747545585843246     
  0.73873873873873874       -5.2177565136352753     
  0.74474474474474472       -5.2591573636002042     
  0.75075075075075071       -5.2989889080626176     
  0.75675675675675680       -5.3372824032012192     
  0.76276276276276278       -5.3740685705519082     
  0.76876876876876876       -5.4093776056321357     
  0.77477477477477474       -5.4432391864297198     
  0.78078078078078073       -5.4756824817582297     
  0.78678678678678682       -5.5067361594810507     
  0.79279279279279280       -5.5364283946060953     
  0.79879879879879878       -5.5647868772532361     
  0.80480480480480476       -5.5918388204964158     
  0.81081081081081086       -5.6176109680823423     
  0.81681681681681684       -5.6421296020277438     
  0.82282282282282282       -5.6654205500970480     
  0.82882882882882880       -5.6875091931623194     
  0.83483483483483478       -5.7084204724473055     
  0.84084084084084088       -5.7281788966574085     
  0.84684684684684686       -5.7468085489973184     
  0.85285285285285284       -5.7643330940780766     
  0.85885885885885882       -5.7807757847152788     
  0.86486486486486491       -5.7961594686201172     
  0.87087087087087089       -5.8105065949849317     
  0.87687687687687688       -5.8238392209648788     
  0.88288288288288286       -5.8361790180573800     
  0.88888888888888884       -5.8475472783809010     
  0.89489489489489493       -5.8579649208546511     
  0.90090090090090091       -5.8674524972807189     
  0.90690690690690690       -5.8760301983301932     
  0.91291291291291288       -5.8837178594347490     
  0.91891891891891886       -5.8905349665851441     
  0.92492492492492495       -5.8965006620381235     
  0.93093093093093093       -5.9016337499331080     
  0.93693693693693691       -5.9059527018201159     
  0.94294294294294290       -5.9094756621002631     
  0.94894894894894899       -5.9122204533802201     
  0.95495495495495497       -5.9142045817419602     
  0.96096096096096095       -5.9154452419291319     
  0.96696696696696693       -5.9159593224513198     
  0.97297297297297292       -5.9157634106075188     
  0.97897897897897901       -5.9148737974300385     
  0.98498498498498499       -5.9133064825501034     
  0.99099099099099097       -5.9110771789863588     
  0.99699699699699695       -5.9082013178574782     
   1.0030030030030030       -5.9046940530200782     
   1.0090090090090089       -5.9005702656330739     
   1.0150150150150150       -5.8958445686496415     
   1.0210210210210211       -5.8905313112379138     
   1.0270270270270270       -5.8846445831315100     
   1.0330330330330331       -5.8781982189110167     
   1.0390390390390389       -5.8712058022174656     
   1.0450450450450450       -5.8636806698988941     
   1.0510510510510511       -5.8556359160910194     
   1.0570570570570570       -5.8470843962330630     
   1.0630630630630631       -5.8380387310197310     
   1.0690690690690690       -5.8285113102903434     
   1.0750750750750750       -5.8185142968561063     
   1.0810810810810811       -5.8080596302664826     
   1.0870870870870870       -5.7971590305156084     
   1.0930930930930931       -5.7858240016897069     
   1.0990990990990992       -5.7740658355564083     
   1.1051051051051051       -5.7618956150968783     
   1.1111111111111112       -5.7493242179816715     
   1.1171171171171170       -5.7363623199911631     
   1.1231231231231231       -5.7230203983814416     
   1.1291291291291292       -5.7093087351965126     
   1.1351351351351351       -5.6952374205276373     
   1.1411411411411412       -5.6808163557206610     
   1.1471471471471471       -5.6660552565321218     
   1.1531531531531531       -5.6509636562349410     
   1.1591591591591592       -5.6355509086745057     
   1.1651651651651651       -5.6198261912758909     
   1.1711711711711712       -5.6037985080030008     
   1.1771771771771771       -5.5874766922703927     
   1.1831831831831832       -5.5708694098084957     
   1.1891891891891893       -5.5539851614829736     
   1.1951951951951951       -5.5368322860689574     
   1.2012012012012012       -5.5194189629808275     
   1.2072072072072071       -5.5017532149582609     
   1.2132132132132132       -5.4838429107092344     
   1.2192192192192193       -5.4656957675106357     
   1.2252252252252251       -5.4473193537671678     
   1.2312312312312312       -5.4287210915291819     
   1.2372372372372373       -5.4099082589701117     
   1.2432432432432432       -5.3908879928240969     
   1.2492492492492493       -5.3716672907844734     
   1.2552552552552552       -5.3522530138637014     
   1.2612612612612613       -5.3326518887153513     
   1.2672672672672673       -5.3128705099187554     
   1.2732732732732732       -5.2929153422268875     
   1.2792792792792793       -5.2727927227780658     
   1.2852852852852852       -5.2525088632720447     
   1.2912912912912913       -5.2320698521110360     
   1.2972972972972974       -5.2114816565062458     
   1.3033033033033032       -5.1907501245504317     
   1.3093093093093093       -5.1698809872570317     
   1.3153153153153152       -5.1488798605664021     
   1.3213213213213213       -5.1277522473196528     
   1.3273273273273274       -5.1065035392006122     
   1.3333333333333333       -5.0851390186464211     
   1.3393393393393394       -5.0636638607272175     
   1.3453453453453452       -5.0420831349954662     
   1.3513513513513513       -5.0204018073053263     
   1.3573573573573574       -4.9986247416026011     
   1.3633633633633633       -4.9767567016856864     
   1.3693693693693694       -4.9548023529379908     
   1.3753753753753755       -4.9327662640322867     
   1.3813813813813813       -4.9106529086074175     
   1.3873873873873874       -4.8884666669177941     
   1.3933933933933933       -4.8662118274561417     
   1.3993993993993994       -4.8438925885498643     
   1.4054054054054055       -4.8215130599314993     
   1.4114114114114114       -4.7990772642836363     
   1.4174174174174174       -4.7765891387586974     
   1.4234234234234233       -4.7540525364740178     
   1.4294294294294294       -4.7314712279825608     
   1.4354354354354355       -4.7088489027196951     
   1.4414414414414414       -4.6861891704263909     
   1.4474474474474475       -4.6634955625492083     
   1.4534534534534533       -4.6407715336174595     
   1.4594594594594594       -4.6180204625978822     
   1.4654654654654655       -4.5952456542271980     
   1.4714714714714714       -4.5724503403229031     
   1.4774774774774775       -4.5496376810726176     
   1.4834834834834836       -4.5268107663023631     
   1.4894894894894894       -4.5039726167240683     
   1.4954954954954955       -4.4811261851626645     
   1.5015015015015014       -4.4582743577630559     
   1.5075075075075075       -4.4354199551773306     
   1.5135135135135136       -4.4125657337324764     
   1.5195195195195195       -4.3897143865789454     
   1.5255255255255256       -4.3668685448203490     
   1.5315315315315314       -4.3440307786246048     
   1.5375375375375375       -4.3212035983167985     
   1.5435435435435436       -4.2983894554540818     
   1.5495495495495495       -4.2755907438828755     
   1.5555555555555556       -4.2528098007786470     
   1.5615615615615615       -4.2300489076685741     
   1.5675675675675675       -4.2073102914373219     
   1.5735735735735736       -4.1845961253162445     
   1.5795795795795795       -4.1619085298562348     
   1.5855855855855856       -4.1392495738845119     
   1.5915915915915915       -4.1166212754455911     
   1.5975975975975976       -4.0940256027266795     
   1.6036036036036037       -4.0714644749677618     
   1.6096096096096095       -4.0489397633566000     
   1.6156156156156156       -4.0264532919089078     
   1.6216216216216217       -4.0040068383339156     
   1.6276276276276276       -3.9816021348855779     
   1.6336336336336337       -3.9592408691996317     
   1.6396396396396395       -3.9369246851167516     
   1.6456456456456456       -3.9146551834920000     
   1.6516516516516517       -3.8924339229908216     
   1.6576576576576576       -3.8702624208717618     
   1.6636636636636637       -3.8481421537561435     
   1.6696696696696696       -3.8260745583849141     
   1.6756756756756757       -3.8040610323628377     
   1.6816816816816818       -3.7821029348902790     
   1.6876876876876876       -3.7602015874827286     
   1.6936936936936937       -3.7383582746783071     
   1.6996996996996996       -3.7165742447334171     
   1.7057057057057057       -3.6948507103067323     
   1.7117117117117118       -3.6731888491317246     
   1.7177177177177176       -3.6515898046778990     
   1.7237237237237237       -3.6300546868009196     
   1.7297297297297298       -3.6085845723818144     
   1.7357357357357357       -3.5871805059554167     
   1.7417417417417418       -3.5658435003282274     
   1.7477477477477477       -3.5445745371858735     
   1.7537537537537538       -3.5233745676903050     
   1.7597597597597598       -3.5022445130669260     
   1.7657657657657657       -3.4811852651817983     
   1.7717717717717718       -3.4601976871090829     
   1.7777777777777777       -3.4392826136888872     
   1.7837837837837838       -3.4184408520756504     
   1.7897897897897899       -3.3976731822772424     
   1.7957957957957957       -3.3769803576849076     
   1.8018018018018018       -3.3563631055942080     
   1.8078078078078077       -3.3358221277171154     
   1.8138138138138138       -3.3153581006853798     
   1.8198198198198199       -3.2949716765453365     
   1.8258258258258258       -3.2746634832442654     
   1.8318318318318318       -3.2544341251084590     
   1.8378378378378377       -3.2342841833131213     
   1.8438438438438438       -3.2142142163442307     
   1.8498498498498499       -3.1942247604525029     
   1.8558558558558558       -3.1743163300995714     
   1.8618618618618619       -3.1544894183965186     
   1.8678678678678680       -3.1347444975348795     
   1.8738738738738738       -3.1150820192102393     
   1.8798798798798799       -3.0955024150385371     
   1.8858858858858858       -3.0760060969652168     
   1.8918918918918919       -3.0565934576673013     
   1.8978978978978980       -3.0372648709485541     
   1.9039039039039038       -3.0180206921277959     
   1.9099099099099099       -2.9988612584205065     
   1.9159159159159158       -2.9797868893138335     
   1.9219219219219219       -2.9607978869350808     
   1.9279279279279280       -2.9418945364138240     
   1.9339339339339339       -2.9230771062377179     
   1.9399399399399400       -2.9043458486021225     
   1.9459459459459458       -2.8857009997536434     
   1.9519519519519519       -2.8671427803276748     
   1.9579579579579580       -2.8486713956800633     
   1.9639639639639639       -2.8302870362129622     
   1.9699699699699700       -2.8119898776949945     
   1.9759759759759759       -2.7937800815758020     
   1.9819819819819819       -2.7756577952950785     
   1.9879879879879880       -2.7576231525861759     
   1.9939939939939939       -2.7396762737743723     
   2.0000000000000000       -2.7218172660698867     
   2.0060060060060061       -2.7040462238557277     
   2.0120120120120122       -2.6863632289704618     
   2.0180180180180178       -2.6687683509859861     
   2.0240240240240239       -2.6512616474803750     
   2.0300300300300300       -2.6338431643059010     
   2.0360360360360361       -2.6165129358522945     
   2.0420420420420422       -2.5992709853053211     
   2.0480480480480479       -2.5821173249007607     
   2.0540540540540539       -2.5650519561738578     
   2.0600600600600600       -2.5480748702043208     
   2.0660660660660661       -2.5311860478569392     
   2.0720720720720722       -2.5143854600178952     
   2.0780780780780779       -2.4976730678268364     
   2.0840840840840840       -2.4810488229047807     
   2.0900900900900901       -2.4645126675779312     
   2.0960960960960962       -2.4480645350974459     
   2.1021021021021022       -2.4317043498552540     
   2.1081081081081079       -2.4154320275959700     
   2.1141141141141140       -2.3992474756249655     
   2.1201201201201201       -2.3831505930126835     
   2.1261261261261262       -2.3671412707952331     
   2.1321321321321323       -2.3512193921713371     
   2.1381381381381379       -2.3353848326956950     
   2.1441441441441440       -2.3196374604688126     
   2.1501501501501501       -2.3039771363233719     
   2.1561561561561562       -2.2884037140071780     
   2.1621621621621623       -2.2729170403627550     
   2.1681681681681679       -2.2575169555036432     
   2.1741741741741740       -2.2422032929874427     
   2.1801801801801801       -2.2269758799856803     
   2.1861861861861862       -2.2118345374505259     
   2.1921921921921923       -2.1967790802784264     
   2.1981981981981984       -2.1818093174707074     
   2.2042042042042040       -2.1669250522911891     
   2.2102102102102101       -2.1521260824208626     
   2.2162162162162162       -2.1374122001096940     
   2.2222222222222223       -2.1227831923255795     
   2.2282282282282284       -2.1082388409005137     
   2.2342342342342341       -2.0937789226740193     
   2.2402402402402402       -2.0794032096338730     
   2.2462462462462462       -2.0651114690541852     
   2.2522522522522523       -2.0509034636308701     
   2.2582582582582584       -2.0367789516145511     
   2.2642642642642641       -2.0227376869409488     
   2.2702702702702702       -2.0087794193587825     
   2.2762762762762763       -1.9949038945552489     
   2.2822822822822824       -1.9811108542790936     
   2.2882882882882885       -1.9674000364613311     
   2.2942942942942941       -1.9537711753336515     
   2.3003003003003002       -1.9402240015445451     
   2.3063063063063063       -1.9267582422731975     
   2.3123123123123124       -1.9133736213411778     
   2.3183183183183185       -1.9000698593219660     
   2.3243243243243241       -1.8868466736483556     
   2.3303303303303302       -1.8737037787177591     
   2.3363363363363363       -1.8606408859954748     
   2.3423423423423424       -1.8476577041159141     
   2.3483483483483485       -1.8347539389818561     
   2.3543543543543541       -1.8219292938617484     
   2.3603603603603602       -1.8091834694850819     
   2.3663663663663663       -1.7965161641358940     
   2.3723723723723724       -1.7839270737444031     
   2.3783783783783785       -1.7714158919768339     
   2.3843843843843842       -1.7589823103234419     
   2.3903903903903903       -1.7466260181847799     
   2.3963963963963963       -1.7343467029562436     
   2.4024024024024024       -1.7221440501109029     
   2.4084084084084085       -1.7100177432806734     
   2.4144144144144142       -1.6979674643358376     
   2.4204204204204203       -1.6859928934629567     
   2.4264264264264264       -1.6740937092411932     
   2.4324324324324325       -1.6622695887170782     
   2.4384384384384385       -1.6505202074777410     
   2.4444444444444446       -1.6388452397226381     
   2.4504504504504503       -1.6272443583337988     
   2.4564564564564564       -1.6157172349446178     
   2.4624624624624625       -1.6042635400072209     
   2.4684684684684686       -1.5928829428584264     
   2.4744744744744747       -1.5815751117843209     
   2.4804804804804803       -1.5703397140834889     
   2.4864864864864864       -1.5591764161289010     
   2.4924924924924925       -1.5480848834285015     
   2.4984984984984986       -1.5370647806845033     
   2.5045045045045047       -1.5261157718514242     
   2.5105105105105103       -1.5152375201928774     
   2.5165165165165164       -1.5044296883371435     
   2.5225225225225225       -1.4936919383315497     
   2.5285285285285286       -1.4830239316956619     
   2.5345345345345347       -1.4724253294733285     
   2.5405405405405403       -1.4618957922835825     
   2.5465465465465464       -1.4514349803704305     
   2.5525525525525525       -1.4410425536515452     
   2.5585585585585586       -1.4307181717658799     
   2.5645645645645647       -1.4204614941202214     
   2.5705705705705704       -1.4102721799347131     
   2.5765765765765765       -1.4001498882873431     
   2.5825825825825826       -1.3900942781574468     
   2.5885885885885886       -1.3801050084682074     
   2.5945945945945947       -1.3701817381282027     
   2.6006006006006004       -1.3603241260719916     
   2.6066066066066065       -1.3505318312997749     
   2.6126126126126126       -1.3408045129161357     
   2.6186186186186187       -1.3311418301678819     
   2.6246246246246248       -1.3215434424810013     
   2.6306306306306304       -1.3120090094967560     
   2.6366366366366365       -1.3025381911069123     
   2.6426426426426426       -1.2931306474881492     
   2.6486486486486487       -1.2837860391356315     
   2.6546546546546548       -1.2745040268957843     
   2.6606606606606604       -1.2652842719982713     
   2.6666666666666665       -1.2561264360871927     
   2.6726726726726726       -1.2470301812515296     
   2.6786786786786787       -1.2379951700548275     
   2.6846846846846848       -1.2290210655641456     
   2.6906906906906904       -1.2201075313782908     
   2.6966966966966965       -1.2112542316553303     
   2.7027027027027026       -1.2024608311394192     
   2.7087087087087087       -1.1937269951869376     
   2.7147147147147148       -1.1850523897919569     
   2.7207207207207209       -1.1764366816110501     
   2.7267267267267266       -1.1678795379874540     
   2.7327327327327327       -1.1593806269745937     
   2.7387387387387387       -1.1509396173589912     
   2.7447447447447448       -1.1425561786825564     
   2.7507507507507509       -1.1342299812642802     
   2.7567567567567566       -1.1259606962213418     
   2.7627627627627627       -1.1177479954896288     
   2.7687687687687688       -1.1095915518437063     
   2.7747747747747749       -1.1014910389162118     
   2.7807807807807809       -1.0934461312167190     
   2.7867867867867866       -1.0854565041500555     
   2.7927927927927927       -1.0775218340341020     
   2.7987987987987988       -1.0696417981170718     
   2.8048048048048049       -1.0618160745942882     
   2.8108108108108110       -1.0540443426244599     
   2.8168168168168166       -1.0463262823454789     
   2.8228228228228227       -1.0386615748897283     
   2.8288288288288288       -1.0310499023989368     
   2.8348348348348349       -1.0234909480385594     
   2.8408408408408410       -1.0159843960117201     
   2.8468468468468466       -1.0085299315727021     
   2.8528528528528527       -1.0011272410400125     
   2.8588588588588588      -0.99377601180901820     
   2.8648648648648649      -0.98647593236416808     
   2.8708708708708710      -0.97922669229080150     
   2.8768768768768767      -0.97202798228656373     
   2.8828828828828827      -0.96487949417241947     
   2.8888888888888888      -0.95778092090329014     
   2.8948948948948949      -0.95073195657830945     
   2.9009009009009010      -0.94373229645070811     
   2.9069069069069067      -0.93678163693733785     
   2.9129129129129128      -0.92987967562783658     
   2.9189189189189189      -0.92302611129345347     
   2.9249249249249250      -0.91622064389551960     
   2.9309309309309310      -0.90946297459359648     
   2.9369369369369367      -0.90275280575328920     
   2.9429429429429428      -0.89608984095373712     
   2.9489489489489489      -0.88947378499479723     
   2.9549549549549550      -0.88290434390391193     
   2.9609609609609611      -0.87638122494267601     
   2.9669669669669672      -0.86990413661311050     
   2.9729729729729728      -0.86347278866364330     
   2.9789789789789789      -0.85708689209480449     
   2.9849849849849850      -0.85074615916464857     
   2.9909909909909911      -0.84445030339390037     
   2.9969969969969972      -0.83819903957083197     
   3.0030030030030028      -0.83199208375588596     
   3.0090090090090089      -0.82582915328603046     
   3.0150150150150150      -0.81970996677887831     
   3.0210210210210211      -0.81363424413654761     
   3.0270270270270272      -0.80760170654929131     
   3.0330330330330328      -0.80161207649888577     
   3.0390390390390389      -0.79566507776179307     
   3.0450450450450450      -0.78976043541209551     
   3.0510510510510511      -0.78389787582421289     
   3.0570570570570572      -0.77807712667539852     
   3.0630630630630629      -0.77229791694803218     
   3.0690690690690690      -0.76655997693169631     
   3.0750750750750750      -0.76086303822506274     
   3.0810810810810811      -0.75520683373756936     
   3.0870870870870872      -0.74959109769091326     
   3.0930930930930929      -0.74401556562034876     
   3.0990990990990990      -0.73847997437580237     
   3.1051051051051051      -0.73298406212281009     
   3.1111111111111112      -0.72752756834327348     
   3.1171171171171173      -0.72211023383604400     
   3.1231231231231229      -0.71673180071734255     
   3.1291291291291290      -0.71139201242100680     
   3.1351351351351351      -0.70609061369858428     
   3.1411411411411412      -0.70082735061926460     
   3.1471471471471473      -0.69560197056965734     
   3.1531531531531529      -0.69041422225341986     
   3.1591591591591590      -0.68526385569073844     
   3.1651651651651651      -0.68015062221766831     
   3.1711711711711712      -0.67507427448532797     
   3.1771771771771773      -0.67003456645896264     
   3.1831831831831829      -0.66503125341686986     
   3.1891891891891890      -0.66006409194919702     
   3.1951951951951951      -0.65513283995661031     
   3.2012012012012012      -0.65023725664884202     
   3.2072072072072073      -0.64537710254311131     
   3.2132132132132134      -0.64055213946243428     
   3.2192192192192191      -0.63576213053381092     
   3.2252252252252251      -0.63100684018630626     
   3.2312312312312312      -0.62628603414901685     
   3.2372372372372373      -0.62159947944893468     
   3.2432432432432434      -0.61694694440870212     
   3.2492492492492491      -0.61232819864427124     
   3.2552552552552552      -0.60774301306245659     
   3.2612612612612613      -0.60319115985840055     
   3.2672672672672673      -0.59867241251293635     
   3.2732732732732734      -0.59418654578986652     
   3.2792792792792791      -0.58973333573314679     
   3.2852852852852852      -0.58531255966398743     
   3.2912912912912913      -0.58092399617786827     
   3.2972972972972974      -0.57656742514147308     
   3.3033033033033035      -0.57224262768954159     
   3.3093093093093091      -0.56794938622164770     
   3.3153153153153152      -0.56368748439889771     
   3.3213213213213213      -0.55945670714056106     
   3.3273273273273274      -0.55525684062062364     
   3.3333333333333335      -0.55108767226427691     
   3.3393393393393391      -0.54694899074433689     
   3.3453453453453452      -0.54284058597759743     
   3.3513513513513513      -0.53876224912112525     
   3.3573573573573574      -0.53471377256848696     
   3.3633633633633635      -0.53069494994591981     
   3.3693693693693691      -0.52670557610844604     
   3.3753753753753752      -0.52274544713592708     
   3.3813813813813813      -0.51881436032906847     
   3.3873873873873874      -0.51491211420536886     
   3.3933933933933935      -0.51103850849501908     
   3.3993993993993992      -0.50719334413675299     
   3.4054054054054053      -0.50337642327364840     
   3.4114114114114114      -0.49958754924888571     
   3.4174174174174174      -0.49582652660145837     
   3.4234234234234235      -0.49209316106184364     
   3.4294294294294292      -0.48838725954762885     
   3.4354354354354353      -0.48470863015910032     
   3.4414414414414414      -0.48105708217479265     
   3.4474474474474475      -0.47743242604700120     
   3.4534534534534536      -0.47383447339725848     
   3.4594594594594597      -0.47026303701177674     
   3.4654654654654653      -0.46671793083685686     
   3.4714714714714714      -0.46319896997426624     
   3.4774774774774775      -0.45970597067658564     
   3.4834834834834836      -0.45623875034252764     
   3.4894894894894897      -0.45279712751222551     
   3.4954954954954953      -0.44938092186249784     
   3.5015015015015014      -0.44598995420208359     
   3.5075075075075075      -0.44262404646685799     
   3.5135135135135136      -0.43928302171502021     
   3.5195195195195197      -0.43596670412226168     
   3.5255255255255253      -0.43267491897691179     
   3.5315315315315314      -0.42940749267506451     
   3.5375375375375375      -0.42616425271568503     
   3.5435435435435436      -0.42294502769570003     
   3.5495495495495497      -0.41974964730506736     
   3.5555555555555554      -0.41657794232183498     
   3.5615615615615615      -0.41342974460717857     
   3.5675675675675675      -0.41030488710043006     
   3.5735735735735736      -0.40720320381409097     
   3.5795795795795797      -0.40412452982883229     
   3.5855855855855854      -0.40106870128848449     
   3.5915915915915915      -0.39803555539501523     
   3.5975975975975976      -0.39502493040350023     
   3.6036036036036037      -0.39203666561708095     
   3.6096096096096097      -0.38907060138191724     
   3.6156156156156154      -0.38612657908213216     
   3.6216216216216215      -0.38320444113474772     
   3.6276276276276276      -0.38030403098461768     
   3.6336336336336337      -0.37742519309935502     
   3.6396396396396398      -0.37456777296425153     
   3.6456456456456454      -0.37173161707719826     
   3.6516516516516515      -0.36891657294359881     
   3.6576576576576576      -0.36612248907128397     
   3.6636636636636637      -0.36334921496542111     
   3.6696696696696698      -0.36059660112342545     
   3.6756756756756754      -0.35786449902986833     
   3.6816816816816815      -0.35515276115138733     
   3.6876876876876876      -0.35246124093159664     
   3.6936936936936937      -0.34978979278599881     
   3.6996996996996998      -0.34713827209689746     
   3.7057057057057055      -0.34450653520831453     
   3.7117117117117115      -0.34189443942090741     
   3.7177177177177176      -0.33930184298689342     
   3.7237237237237237      -0.33672860510497449     
   3.7297297297297298      -0.33417458591526977     
   3.7357357357357359      -0.33163964649425010     
   3.7417417417417416      -0.32912364884968126     
   3.7477477477477477      -0.32662645591556955     
   3.7537537537537538      -0.32414793154711796     
   3.7597597597597598      -0.32168794051568544     
   3.7657657657657659      -0.31924634850375616     
   3.7717717717717716      -0.31682302209991497     
   3.7777777777777777      -0.31441782879383118     
   3.7837837837837838      -0.31203063697125255     
   3.7897897897897899      -0.30966131590900636     
   3.7957957957957960      -0.30730973577000981     
   3.8018018018018016      -0.30497576759829231     
   3.8078078078078077      -0.30265928331402470     
   3.8138138138138138      -0.30036015570856200     
   3.8198198198198199      -0.29807825843949515     
   3.8258258258258260      -0.29581346602571407     
   3.8318318318318316      -0.29356565384248273     
   3.8378378378378377      -0.29133469811652496     
   3.8438438438438438      -0.28912047592112439     
   3.8498498498498499      -0.28692286517123428     
   3.8558558558558560      -0.28474174461860202     
   3.8618618618618616      -0.28257699384690521     
   3.8678678678678677      -0.28042849326690183     
   3.8738738738738738      -0.27829612411159377     
   3.8798798798798799      -0.27617976843140407     
   3.8858858858858860      -0.27407930908936778     
   3.8918918918918917      -0.27199462975633831     
   3.8978978978978978      -0.26992561490620598     
   3.9039039039039038      -0.26787214981113461     
   3.9099099099099099      -0.26583412053680983     
   3.9159159159159160      -0.26381141393770502     
   3.9219219219219217      -0.26180391765236077     
   3.9279279279279278      -0.25981152009868169     
   3.9339339339339339      -0.25783411046924704     
   3.9399399399399400      -0.25587157872664013     
   3.9459459459459461      -0.25392381559879018     
   3.9519519519519517      -0.25199071257433486     
   3.9579579579579578      -0.25007216189799447     
   3.9639639639639639      -0.24816805656596802     
   3.9699699699699700      -0.24627829032134185     
   3.9759759759759761      -0.24440275764951777     
   3.9819819819819822      -0.24254135377365713     
   3.9879879879879878      -0.24069397465014328     
   3.9939939939939939      -0.23886051696405983     
   4.0000000000000000      -0.23704087812468888     
   4.0060060060060056      -0.23523495626102442     
   4.0120120120120122      -0.23344265021730479     
   4.0180180180180178      -0.23166385954856453     
   4.0240240240240244      -0.22989848451620021     
   4.0300300300300300      -0.22814642608355981     
   4.0360360360360357      -0.22640758591154528     
   4.0420420420420422      -0.22468186635423693     
   4.0480480480480479      -0.22296917045453557     
   4.0540540540540544      -0.22126940193982109     
   4.0600600600600600      -0.21958246521763372     
   4.0660660660660657      -0.21790826537136948     
   4.0720720720720722      -0.21624670815599775     
   4.0780780780780779      -0.21459769999379716     
   4.0840840840840844      -0.21296114797010859     
   4.0900900900900901      -0.21133695982910972     
   4.0960960960960957      -0.20972504396960659     
   4.1021021021021022      -0.20812530944084517     
   4.1081081081081079      -0.20653766593834377     
   4.1141141141141144      -0.20496202379974043     
   4.1201201201201201      -0.20339829400066470     
   4.1261261261261257      -0.20184638815062442     
   4.1321321321321323      -0.20030621848891522     
   4.1381381381381379      -0.19877769788054755     
   4.1441441441441444      -0.19726073981219289     
   4.1501501501501501      -0.19575525838815158     
   4.1561561561561557      -0.19426116832633797     
   4.1621621621621623      -0.19277838495428576     
   4.1681681681681679      -0.19130682420517409     
   4.1741741741741745      -0.18984640261387076     
   4.1801801801801801      -0.18839703731299873     
   4.1861861861861858      -0.18695864602901777     
   4.1921921921921923      -0.18553114707832921     
   4.1981981981981980      -0.18411445936339960     
   4.2042042042042045      -0.18270850236890235     
   4.2102102102102101      -0.18131319615788211     
   4.2162162162162158      -0.17992846136793503     
   4.2222222222222223      -0.17855421920741157     
   4.2282282282282280      -0.17719039145163909     
   4.2342342342342345      -0.17583690043916098     
   4.2402402402402402      -0.17449366906799935     
   4.2462462462462458      -0.17316062079193448     
   4.2522522522522523      -0.17183767961680513     
   4.2582582582582580      -0.17052477009682951     
   4.2642642642642645      -0.16922181733094249     
   4.2702702702702702      -0.16792874695915666     
   4.2762762762762758      -0.16664548515893923     
   4.2822822822822824      -0.16537195864161139     
   4.2882882882882880      -0.16410809464876522     
   4.2942942942942945      -0.16285382094870043     
   4.3003003003003002      -0.16160906583288245     
   4.3063063063063058      -0.16037375811241653     
   4.3123123123123124      -0.15914782711454417     
   4.3183183183183180      -0.15793120267915836     
   4.3243243243243246      -0.15672381515533645     
   4.3303303303303302      -0.15552559539789543     
   4.3363363363363359      -0.15433647476396281     
   4.3423423423423424      -0.15315638510956966     
   4.3483483483483480      -0.15198525878626196     
   4.3543543543543546      -0.15082302863773051     
   4.3603603603603602      -0.14966962799646072     
   4.3663663663663668      -0.14852499068040065     
   4.3723723723723724      -0.14738905098964991     
   4.3783783783783781      -0.14626174370316464     
   4.3843843843843846      -0.14514300407548400     
   4.3903903903903903      -0.14403276783347493     
   4.3963963963963968      -0.14293097117309428     
   4.4024024024024024      -0.14183755075617252     
   4.4084084084084081      -0.14075244370721304     
   4.4144144144144146      -0.13967558761021240     
   4.4204204204204203      -0.13860692050549875     
   4.4264264264264268      -0.13754638088658830     
   4.4324324324324325      -0.13649390769706066     
   4.4384384384384381      -0.13544944032745251     
   4.4444444444444446      -0.13441291861216972     
   4.4504504504504503      -0.13338428282641901     
   4.4564564564564568      -0.13236347368315496     
   4.4624624624624625      -0.13135043233004887     
   4.4684684684684681      -0.13034510034647293     
   4.4744744744744747      -0.12934741974050390     
   4.4804804804804803      -0.12835733294594556     
   4.4864864864864868      -0.12737478281936662     
   4.4924924924924925      -0.12639971263715943     
   4.4984984984984981      -0.12543206609261451     
   4.5045045045045047      -0.12447178729301417     
   4.5105105105105103      -0.12351882075674329     
   4.5165165165165169      -0.12257311141041730     
   4.5225225225225225      -0.12163460458602954     
   4.5285285285285282      -0.12070324601811357     
   4.5345345345345347      -0.11977898184092514     
   4.5405405405405403      -0.11886175858564096     
   4.5465465465465469      -0.11795152317757376     
   4.5525525525525525      -0.11704822293340685     
   4.5585585585585582      -0.11615180555844304     
   4.5645645645645647      -0.11526221914387308     
   4.5705705705705704      -0.11437941216406027     
   4.5765765765765769      -0.11350333347384171     
   4.5825825825825826      -0.11263393230584727     
   4.5885885885885882      -0.11177115826783431     
   4.5945945945945947      -0.11091496134004032     
   4.6006006006006004      -0.11006529187255221     
   4.6066066066066069      -0.10922210058269068     
   4.6126126126126126      -0.10838533855241340     
   4.6186186186186182      -0.10755495722573287     
   4.6246246246246248      -0.10673090840615150     
   4.6306306306306304      -0.10591314425411368     
   4.6366366366366369      -0.10510161728447207     
   4.6426426426426426      -0.10429628036397254     
   4.6486486486486482      -0.10349708670875360     
   4.6546546546546548      -0.10270398988186205     
   4.6606606606606604      -0.10191694379078579     
   4.6666666666666670      -0.10113590268500056     
   4.6726726726726726      -0.10036082115353478     
   4.6786786786786783       -9.9591654122547904E-002
   4.6846846846846848       -9.8828356852925917E-002
   4.6906906906906904       -9.8070884937892427E-002
   4.6966966966966970       -9.7319194300633891E-002
   4.7027027027027026       -9.6573241191942591E-002
   4.7087087087087083       -9.5832982187872270E-002
   4.7147147147147148       -9.5098374187411197E-002
   4.7207207207207205       -9.4369374410170057E-002
   4.7267267267267270       -9.3645940394083554E-002
   4.7327327327327327       -9.2928029993129241E-002
   4.7387387387387383       -9.2215601375059533E-002
   4.7447447447447448       -9.1508613019149559E-002
   4.7507507507507505       -9.0807023713960225E-002
   4.7567567567567570       -9.0110792555114436E-002
   4.7627627627627627       -8.9419878943089975E-002
   4.7687687687687683       -8.8734242581025441E-002
   4.7747747747747749       -8.8053843472541804E-002
   4.7807807807807805       -8.7378641919577810E-002
   4.7867867867867870       -8.6708598520239641E-002
   4.7927927927927927       -8.6043674166665696E-002
   4.7987987987987983       -8.5383830042904840E-002
   4.8048048048048049       -8.4729027622808775E-002
   4.8108108108108105       -8.4079228667939376E-002
   4.8168168168168171       -8.3434395225488692E-002
   4.8228228228228227       -8.2794489626214551E-002
   4.8288288288288284       -8.2159474482388112E-002
   4.8348348348348349       -8.1529312685756736E-002
   4.8408408408408405       -8.0903967405520028E-002
   4.8468468468468471       -8.0283402086318997E-002
   4.8528528528528527       -7.9667580446240074E-002
   4.8588588588588584       -7.9056466474830903E-002
   4.8648648648648649       -7.8450024431130763E-002
   4.8708708708708706       -7.7848218841714500E-002
   4.8768768768768771       -7.7251014498748216E-002
   4.8828828828828827       -7.6658376458059979E-002
   4.8888888888888893       -7.6070270037222096E-002
   4.8948948948948949       -7.5486660813647896E-002
   4.9009009009009006       -7.4907514622699817E-002
   4.9069069069069071       -7.4332797555811722E-002
   4.9129129129129128       -7.3762475958623647E-002
   4.9189189189189193       -7.3196516429128694E-002
   4.9249249249249250       -7.2634885815833813E-002
   4.9309309309309306       -7.2077551215931665E-002
   4.9369369369369371       -7.1524479973486127E-002
   4.9429429429429428       -7.0975639677630306E-002
   4.9489489489489493       -7.0430998160775679E-002
   4.9549549549549550       -6.9890523496835152E-002
   4.9609609609609606       -6.9354183999457045E-002
   4.9669669669669672       -6.8821948220271933E-002
   4.9729729729729728       -6.8293784947151756E-002
   4.9789789789789793       -6.7769663202480068E-002
   4.9849849849849850       -6.7249552241434959E-002
   4.9909909909909906       -6.6733421550283639E-002
   4.9969969969969972       -6.6221240844688778E-002
   5.0030030030030028       -6.5712980068027158E-002
   5.0090090090090094       -6.5208609389718480E-002
   5.0150150150150150       -6.4708099203567460E-002
   5.0210210210210207       -6.4211420126116539E-002
   5.0270270270270272       -6.3718542995010022E-002
   5.0330330330330328       -6.3229438867370591E-002
   5.0390390390390394       -6.2744079018185198E-002
   5.0450450450450450       -6.2262434938704148E-002
   5.0510510510510507       -6.1784478334850325E-002
   5.0570570570570572       -6.1310181125639643E-002
   5.0630630630630629       -6.0839515441613284E-002
   5.0690690690690694       -6.0372453623279351E-002
   5.0750750750750750       -5.9908968219566955E-002
   5.0810810810810807       -5.9449031986290320E-002
   5.0870870870870872       -5.8992617884624052E-002
   5.0930930930930929       -5.8539699079588961E-002
   5.0990990990990994       -5.8090248938548118E-002
   5.1051051051051051       -5.7644241029714299E-002
   5.1111111111111107       -5.7201649120667233E-002
   5.1171171171171173       -5.6762447176881503E-002
   5.1231231231231229       -5.6326609360265303E-002
   5.1291291291291294       -5.5894110027708568E-002
   5.1351351351351351       -5.5464923729641985E-002
   5.1411411411411407       -5.5039025208606117E-002
   5.1471471471471473       -5.4616389397830430E-002
   5.1531531531531529       -5.4196991419822982E-002
   5.1591591591591595       -5.3780806584968859E-002
   5.1651651651651651       -5.3367810390139790E-002
   5.1711711711711708       -5.2957978517313063E-002
   5.1771771771771773       -5.2551286832200082E-002
   5.1831831831831829       -5.2147711382885480E-002
   5.1891891891891895       -5.1747228398474461E-002
   5.1951951951951951       -5.1349814287751157E-002
   5.2012012012012008       -5.0955445637845792E-002
   5.2072072072072073       -5.0564099212911398E-002
   5.2132132132132130       -5.0175751952810647E-002
   5.2192192192192195       -4.9790380971810523E-002
   5.2252252252252251       -4.9407963557287972E-002
   5.2312312312312308       -4.9028477168443711E-002
   5.2372372372372373       -4.8651899435025764E-002
   5.2432432432432430       -4.8278208156061965E-002
   5.2492492492492495       -4.7907381298601136E-002
   5.2552552552552552       -4.7539396996464076E-002
   5.2612612612612608       -4.7174233549002680E-002
   5.2672672672672673       -4.6811869419868403E-002
   5.2732732732732730       -4.6452283235789926E-002
   5.2792792792792795       -4.6095453785358280E-002
   5.2852852852852852       -4.5741360017822121E-002
   5.2912912912912908       -4.5389981041890924E-002
   5.2972972972972974       -4.5041296124546805E-002
   5.3033033033033030       -4.4695284689865444E-002
   5.3093093093093096       -4.4351926317844383E-002
   5.3153153153153152       -4.4011200743240865E-002
   5.3213213213213209       -4.3673087854417501E-002
   5.3273273273273274       -4.3337567692196245E-002
   5.3333333333333330       -4.3004620448721186E-002
   5.3393393393393396       -4.2674226466328437E-002
   5.3453453453453452       -4.2346366236425285E-002
   5.3513513513513509       -4.2021020398376900E-002
   5.3573573573573574       -4.1698169738401063E-002
   5.3633633633633631       -4.1377795188471470E-002
   5.3693693693693696       -4.1059877825227811E-002
   5.3753753753753752       -4.0744398868894888E-002
   5.3813813813813809       -4.0431339682209105E-002
   5.3873873873873874       -4.0120681769352462E-002
   5.3933933933933931       -3.9812406774894941E-002
   5.3993993993993996       -3.9506496482743847E-002
   5.4054054054054053       -3.9202932815101191E-002
   5.4114114114114118       -3.8901697831428529E-002
   5.4174174174174174       -3.8602773727419562E-002
   5.4234234234234231       -3.8306142833979678E-002
   5.4294294294294296       -3.8011787616213308E-002
   5.4354354354354353       -3.7719690672418628E-002
   5.4414414414414418       -3.7429834733089334E-002
   5.4474474474474475       -3.7142202659924281E-002
   5.4534534534534531       -3.6856777444843301E-002
   5.4594594594594597       -3.6573542209011191E-002
   5.4654654654654653       -3.6292480201868330E-002
   5.4714714714714718       -3.6013574800168389E-002
   5.4774774774774775       -3.5736809507023466E-002
   5.4834834834834831       -3.5462167950955345E-002
   5.4894894894894897       -3.5189633884954517E-002
   5.4954954954954953       -3.4919191185545741E-002
   5.5015015015015019       -3.4650823851860288E-002
   5.5075075075075075       -3.4384516004715565E-002
   5.5135135135135132       -3.4120251885700441E-002
   5.5195195195195197       -3.3858015856268270E-002
   5.5255255255255253       -3.3597792396836031E-002
   5.5315315315315319       -3.3339566105890221E-002
   5.5375375375375375       -3.3083321699099368E-002
   5.5435435435435432       -3.2829044008432652E-002
   5.5495495495495497       -3.2576717981285641E-002
   5.5555555555555554       -3.2326328679611847E-002
   5.5615615615615619       -3.2077861279060919E-002
   5.5675675675675675       -3.1831301068123478E-002
   5.5735735735735732       -3.1586633447281361E-002
   5.5795795795795797       -3.1343843928165027E-002
   5.5855855855855854       -3.1102918132716664E-002
   5.5915915915915919       -3.0863841792359500E-002
   5.5975975975975976       -3.0626600747173608E-002
   5.6036036036036032       -3.0391180945076975E-002
   5.6096096096096097       -3.0157568441013409E-002
   5.6156156156156154       -2.9925749396146024E-002
   5.6216216216216219       -2.9695710077056674E-002
   5.6276276276276276       -2.9467436854951651E-002
   5.6336336336336332       -2.9240916204872503E-002
   5.6396396396396398       -2.9016134704913404E-002
   5.6456456456456454       -2.8793079035443963E-002
   5.6516516516516520       -2.8571735978337724E-002
   5.6576576576576576       -2.8352092416206748E-002
   5.6636636636636633       -2.8134135331641139E-002
   5.6696696696696698       -2.7917851806454824E-002
   5.6756756756756754       -2.7703229020936776E-002
   5.6816816816816820       -2.7490254253107443E-002
   5.6876876876876876       -2.7278914877981206E-002
   5.6936936936936933       -2.7069198366833781E-002
   5.6996996996996998       -2.6861092286475308E-002
   5.7057057057057055       -2.6654584298528846E-002
   5.7117117117117120       -2.6449662158714027E-002
   5.7177177177177176       -2.6246313716136456E-002
   5.7237237237237233       -2.6044526912581578E-002
   5.7297297297297298       -2.5844289781814554E-002
   5.7357357357357355       -2.5645590448884991E-002
   5.7417417417417420       -2.5448417129436757E-002
   5.7477477477477477       -2.5252758129023313E-002
   5.7537537537537533       -2.5058601842427437E-002
   5.7597597597597598       -2.4865936752986650E-002
   5.7657657657657655       -2.4674751431923353E-002
   5.7717717717717720       -2.4485034537679924E-002
   5.7777777777777777       -2.4296774815259048E-002
   5.7837837837837833       -2.4109961095568348E-002
   5.7897897897897899       -2.3924582294770513E-002
   5.7957957957957955       -2.3740627413637937E-002
   5.8018018018018020       -2.3558085536912240E-002
   5.8078078078078077       -2.3376945832668593E-002
   5.8138138138138133       -2.3197197551684555E-002
   5.8198198198198199       -2.3018830026813878E-002
   5.8258258258258255       -2.2841832672364944E-002
   5.8318318318318321       -2.2666194983483576E-002
   5.8378378378378377       -2.2491906535540847E-002
   5.8438438438438434       -2.2318956983525057E-002
   5.8498498498498499       -2.2147336061438459E-002
   5.8558558558558556       -2.1977033581698478E-002
   5.8618618618618621       -2.1808039434543288E-002
   5.8678678678678677       -2.1640343587442122E-002
   5.8738738738738734       -2.1473936084509405E-002
   5.8798798798798799       -2.1308807045923830E-002
   5.8858858858858856       -2.1144946667351529E-002
   5.8918918918918921       -2.0982345219373477E-002
   5.8978978978978978       -2.0820993046917508E-002
   5.9039039039039043       -2.0660880568693994E-002
   5.9099099099099099       -2.0501998276636312E-002
   5.9159159159159156       -2.0344336735345202E-002
   5.9219219219219221       -2.0187886581537286E-002
   5.9279279279279278       -2.0032638523497976E-002
   5.9339339339339343       -1.9878583340537943E-002
   5.9399399399399400       -1.9725711882454186E-002
   5.9459459459459456       -1.9574015068994841E-002
   5.9519519519519521       -1.9423483889328134E-002
   5.9579579579579578       -1.9274109401515239E-002
   5.9639639639639643       -1.9125882731986989E-002
   5.9699699699699700       -1.8978795075024757E-002
   5.9759759759759756       -1.8832837692244971E-002
   5.9819819819819822       -1.8688001912087616E-002
   5.9879879879879878       -1.8544279129308713E-002
   5.9939939939939944       -1.8401660804476184E-002
   6.0000000000000000       -1.8260138463469910E-002
