 X =    0.0000000000000000      Y =    0.0000000000000000      Npts =        1000
   0.0000000000000000        4590.4845069947605     
   6.0060060060060060E-003   4478.3311986811877     
   1.2012012012012012E-002   4368.8725933842388     
   1.8018018018018018E-002   4262.0444679757247     
   2.4024024024024024E-002   4157.7841238505625     
   3.0030030030030030E-002   4056.0303508098632     
   3.6036036036036036E-002   3956.7233917988669     
   4.2042042042042038E-002   3859.8049084793779     
   4.8048048048048048E-002   3765.2179476170299     
   5.4054054054054057E-002   3672.9069082641158     
   6.0060060060060060E-002   3582.8175097190997     
   6.6066066066066062E-002   3494.8967602445146     
   7.2072072072072071E-002   3409.0929265252403     
   7.8078078078078081E-002   3325.3555038496784     
   8.4084084084084076E-002   3243.6351869967439     
   9.0090090090090086E-002   3163.8838418119112     
   9.6096096096096095E-002   3086.0544774560976     
  0.10210210210210210        3010.1012193113943     
  0.10810810810810811        2935.9792825281424     
  0.11411411411411411        2863.6449461981888     
  0.12012012012012012        2793.0555281394841     
  0.12612612612612611        2724.1693602775590     
  0.13213213213213212        2656.9457646098044     
  0.13813813813813813        2591.3450297386930     
  0.14414414414414414        2527.3283879605574     
  0.15015015015015015        2464.8579928967238     
  0.15615615615615616        2403.8968976541964     
  0.16216216216216217        2344.4090335033793     
  0.16816816816816815        2286.3591890605617     
  0.17417417417417416        2229.7129899632546     
  0.18018018018018017        2174.4368790267304     
  0.18618618618618618        2120.4980968703271     
  0.19219219219219219        2067.8646630024746     
  0.19819819819819820        2016.5053573535292     
  0.20420420420420421        1966.3897022458473     
  0.21021021021021022        1917.4879447907701     
  0.21621621621621623        1869.7710397023711     
  0.22222222222222221        1823.2106325181612     
  0.22822822822822822        1777.7790432170807     
  0.23423423423423423        1733.4492502253909     
  0.24024024024024024        1690.1948748013056     
  0.24624624624624625        1647.9901657893631     
  0.25225225225225223        1606.8099847358342     
  0.25825825825825827        1566.6297913565859     
  0.26426426426426425        1527.4256293490771     
  0.27027027027027029        1489.1741125403580     
  0.27627627627627627        1451.8524113630847     
  0.28228228228228230        1415.4382396518317     
  0.28828828828828829        1379.9098417520893     
  0.29429429429429427        1345.2459799345568     
  0.30030030030030030        1311.4259221075251     
  0.30630630630630629        1278.4294298202587     
  0.31231231231231232        1246.2367465505311     
  0.31831831831831831        1214.8285862695568     
  0.32432432432432434        1184.1861222777713     
  0.33033033033033032        1154.2909763050566     
  0.33633633633633631        1125.1252078691273     
  0.34234234234234234        1096.6713038860048     
  0.34834834834834832        1068.9121685265800     
  0.35435435435435436        1041.8311133134587     
  0.36036036036036034        1015.4118474524067     
  0.36636636636636638        989.63846839282337     
  0.37237237237237236        964.49545261184869     
  0.37837837837837840        939.96764661678833     
  0.38438438438438438        916.04025816070396     
  0.39039039039039036        892.69884766611676     
  0.39639639639639640        869.92931985190455     
  0.40240240240240238        847.71791555858044     
  0.40840840840840842        826.05120376725313     
  0.41441441441441440        804.91607380769369     
  0.42042042042042044        784.29972775102260     
  0.42642642642642642        764.18967298266284     
  0.43243243243243246        744.57371495126949     
  0.43843843843843844        725.43995008949639     
  0.44444444444444442        706.77675890251078     
  0.45045045045045046        688.57279922029511     
  0.45645645645645644        670.81699960986430     
  0.46246246246246248        653.49855294359804     
  0.46846846846846846        636.60691012001041     
  0.47447447447447449        620.13177393333285     
  0.48048048048048048        604.06309308839604     
  0.48648648648648646        588.39105635737428     
  0.49249249249249250        573.10608687502167     
  0.49849849849849848        558.19883656913760     
  0.50450450450450446        543.66018072304439     
  0.51051051051051055        529.48121266696523     
  0.51651651651651653        515.65323859524392     
  0.52252252252252251        502.16777250642417     
  0.52852852852852850        489.01653126329143     
  0.53453453453453448        476.19142977002343     
  0.54054054054054057        463.68457626368451     
  0.54654654654654655        451.48826771735884     
  0.55255255255255253        439.59498535226948     
  0.55855855855855852        427.99739025631521     
  0.56456456456456461        416.68831910649465     
  0.57057057057057059        405.66077999276501     
  0.57657657657657657        394.90794834092947     
  0.58258258258258255        384.42316293221131     
  0.58858858858858853        374.19992201722522     
  0.59459459459459463        364.23187952210640     
  0.60060060060060061        354.51284134462060     
  0.60660660660660659        345.03676173812107     
  0.61261261261261257        335.79773978127292     
  0.61861861861861867        326.79001593151588     
  0.62462462462462465        318.00796866027741     
  0.63063063063063063        309.44611116800633     
  0.63663663663663661        301.09908817713023     
  0.64264264264264259        292.96167280109802     
  0.64864864864864868        285.02876348770042     
  0.65465465465465467        277.29538103491080     
  0.66066066066066065        269.75666567753007     
  0.66666666666666663        262.40787424295559     
  0.67267267267267261        255.24437737444072     
  0.67867867867867870        248.26165682024470     
  0.68468468468468469        241.45530278711004     
  0.69069069069069067        234.82101135654770     
  0.69669669669669665        228.35458196243817     
  0.70270270270270274        222.05191492850031     
  0.70870870870870872        215.90900906420686     
  0.71471471471471471        209.92195931776172     
  0.72072072072072069        204.08695448478977     
  0.72672672672672667        198.40027497141654     
  0.73273273273273276        192.85829061045160     
  0.73873873873873874        187.45745852941724     
  0.74474474474474472        182.19432106919137     
  0.75075075075075071        177.06550375206874     
  0.75675675675675680        172.06771329806892     
  0.76276276276276278        167.19773568834660     
  0.76876876876876876        162.45243427458911     
  0.77477477477477474        157.82874793331158     
  0.78078078078078073        153.32368926398544     
  0.78678678678678682        148.93434282996174     
  0.79279279279279280        144.65786344117572     
  0.79879879879879878        140.49147447764113     
  0.80480480480480476        136.43246625276925     
  0.81081081081081086        132.47819441556811     
  0.81681681681681684        128.62607839080033     
  0.82282282282282282        124.87359985619985     
  0.82882882882882880        121.21830125586996     
  0.83483483483483478        117.65778434900453     
  0.84084084084084088        114.18970879309491     
  0.84684684684684686        110.81179076080623     
  0.85285285285285284        107.52180158972328     
  0.85885885885885882        104.31756646418860     
  0.86486486486486491        101.19696312847063     
  0.87087087087087089        98.157920630520707     
  0.87687687687687688        95.198418095591563     
  0.88288288288288286        92.316483529011748     
  0.88888888888888884        89.510192647423239     
  0.89489489489489493        86.777667737807917     
  0.90090090090090091        84.117076543644075     
  0.90690690690690690        81.526631177549149     
  0.91291291291291288        79.004587059781770     
  0.91891891891891886        76.549241881988749     
  0.92492492492492495        74.158934595599007     
  0.93093093093093093        71.832044424280184     
  0.93693693693693691        69.566989899886295     
  0.94294294294294290        67.362227921340704     
  0.94894894894894899        65.216252835909160     
  0.95495495495495497        63.127595542333118     
  0.96096096096096095        61.094822615303407     
  0.96696696696696693        59.116535450769618     
  0.97297297297297292        57.191369431589735     
  0.97897897897897901        55.317993113038298     
  0.98498498498498499        53.495107427701640     
  0.99099099099099097        51.721444909300267     
  0.99699699699699695        49.995768934989705     
   1.0030030030030030        48.316872985700968     
   1.0090090090090089        46.683579924093102     
   1.0150150150150150        45.094741289699179     
   1.0210210210210211        43.549236610859026     
   1.0270270270270270        42.045972733038980     
   1.0330330330330331        40.583883163150482     
   1.0390390390390389        39.161927429488415     
   1.0450450450450450        37.779090456916869     
   1.0510510510510511        36.434381956942538     
   1.0570570570570570        35.126835832320587     
   1.0630630630630631        33.855509595848908     
   1.0690690690690690        32.619483803014404     
   1.0750750750750750        31.417861498161187     
   1.0810810810810811        30.249767673861214     
   1.0870870870870870        29.114348743172698     
   1.0930930930930931        28.010772024480914     
   1.0990990990990992        26.938225238622874     
   1.1051051051051051        25.895916018003614     
   1.1111111111111112        24.883071427419587     
   1.1171171171171170        23.898937496311706     
   1.1231231231231231        22.942778762175529     
   1.1291291291291292        22.013877824864760     
   1.1351351351351351        21.111534911528608     
   1.1411411411411412        20.235067451930476     
   1.1471471471471471        19.383809663902088     
   1.1531531531531531        18.557112148691253     
   1.1591591591591592        17.754341495969236     
   1.1651651651651651        16.974879898267535     
   1.1711711711711712        16.218124774620364     
   1.1771771771771771        15.483488403194306     
   1.1831831831831832        14.770397562690992     
   1.1891891891891893        14.078293182315122     
   1.1951951951951951        13.406630000103645     
   1.2012012012012012        12.754876229417571     
   1.2072072072072071        12.122513233402868     
   1.2132132132132132        11.509035207230163     
   1.2192192192192193        10.913948867929278     
   1.2252252252252251        10.336773151637344     
   1.2312312312312312        9.7770389180846333     
   1.2372372372372373        9.2342886621460636     
   1.2432432432432432        8.7080762322900913     
   1.2492492492492493        8.1979665557612371     
   1.2552552552552552        7.7035353703361746     
   1.2612612612612613        7.2243689624967242     
   1.2672672672672673        6.7600639118676309     
   1.2732732732732732        6.3102268417696434     
   1.2792792792792793        5.8744741757427246     
   1.2852852852852852        5.4524318998974399     
   1.2912912912912913        5.0437353309554984     
   1.2972972972972974        4.6480288898446380     
   1.3033033033033032        4.2649658807151987     
   1.3093093093093093        3.8942082752496181     
   1.3153153153153152        3.5354265021390625     
   1.3213213213213213        3.1882992416037355     
   1.3273273273273274        2.8525132248374145     
   1.3333333333333333        2.5277630382585312     
   1.3393393393393394        2.2137509324535887     
   1.3453453453453452        1.9101866357013344     
   1.3513513513513513        1.6167871719682696     
   1.3573573573573574        1.3332766832694700     
   1.3633633633633633        1.0593862562903833     
   1.3693693693693694       0.79485375316837015     
   1.3753753753753755       0.53942364633489870     
   1.3813813813813813       0.29284685732155807     
   1.3873873873873874        5.4880599435539495E-002
   1.3933933933933933      -0.17471177578748900     
   1.3993993993993994      -0.39616092844336870     
   1.4054054054054055      -0.60969167651983380     
   1.4114114114114114      -0.81552313864333259     
   1.4174174174174174       -1.0138688733959009     
   1.4234234234234233       -1.2049370152837782     
   1.4294294294294294       -1.3889304074377469     
   1.4354354354354355       -1.5660467311229098     
   1.4414414414414414       -1.7364786321341230     
   1.4474474474474475       -1.9004138441512906     
   1.4534534534534533       -2.0580353091269319     
   1.4594594594594594       -2.2095212947769731     
   1.4654654654654655       -2.3550455092436580     
   1.4714714714714714       -2.4947772129981756     
   1.4774774774774775       -2.6288813280488115     
   1.4834834834834836       -2.7575185445188461     
   1.4894894894894894       -2.8808454246570596     
   1.4954954954954955       -2.9990145043420582     
   1.5015015015015014       -3.1121743921402114     
   1.5075075075075075       -3.2204698659756574     
   1.5135135135135136       -3.3240419674693249     
   1.5195195195195195       -3.4230280940026558     
   1.5255255255255256       -3.5175620885603465     
   1.5315315315315314       -3.6077743274051186     
   1.5375375375375375       -3.6937918056363777     
   1.5435435435435436       -3.7757382206831904     
   1.5495495495495495       -3.8537340537810216     
   1.5555555555555556       -3.9278966494803895     
   1.5615615615615615       -3.9983402932343948     
   1.5675675675675675       -4.0651762871111385     
   1.5735735735735736       -4.1285130236757874     
   1.5795795795795795       -4.1884560580860120     
   1.5855855855855856       -4.2451081784436235     
   1.5915915915915915       -4.2985694744439593     
   1.5975975975975976       -4.3489374043638547     
   1.6036036036036037       -4.3963068604278428     
   1.6096096096096095       -4.4407702325914515     
   1.6156156156156156       -4.4824174707794082     
   1.6216216216216217       -4.5213361456157752     
   1.6276276276276276       -4.5576115076820489     
   1.6336336336336337       -4.5913265453385161     
   1.6396396396396395       -4.6225620411432207     
   1.6456456456456456       -4.6513966269021312     
   1.6516516516516517       -4.6779068373832917     
   1.6576576576576576       -4.7021671627269317     
   1.6636636636636637       -4.7242500995828038     
   1.6696696696696696       -4.7442262010052243     
   1.6756756756756757       -4.7621641251355697     
   1.6816816816816818       -4.7781306827013168     
   1.6876876876876876       -4.7921908833599787     
   1.6936936936936937       -4.8044079809156255     
   1.6996996996996996       -4.8148435174350173     
   1.7057057057057057       -4.8235573662897719     
   1.7117117117117118       -4.8306077741502733     
   1.7177177177177176       -4.8360514019565199     
   1.7237237237237237       -4.8399433648904235     
   1.7297297297297298       -4.8423372713735473     
   1.7357357357357357       -4.8432852611136656     
   1.7417417417417418       -4.8428380422229669     
   1.7477477477477477       -4.8410449274302234     
   1.7537537537537538       -4.8379538694086603     
   1.7597597597597598       -4.8336114952407803     
   1.7657657657657657       -4.8280631400408662     
   1.7717717717717718       -4.8213528797554224     
   1.7777777777777777       -4.8135235631612980     
   1.7837837837837838       -4.8046168430807787     
   1.7897897897897899       -4.7946732068325000     
   1.7957957957957957       -4.7837320059365211     
   1.8018018018018018       -4.7718314850915364     
   1.8078078078078077       -4.7590088104417196     
   1.8138138138138138       -4.7453000971502979     
   1.8198198198198199       -4.7307404362965499     
   1.8258258258258258       -4.7153639211125133     
   1.8318318318318318       -4.6992036725752930     
   1.8378378378378377       -4.6822918643705194     
   1.8438438438438438       -4.6646597472420721     
   1.8498498498498499       -4.6463376727428916     
   1.8558558558558558       -4.6273551164012892     
   1.8618618618618619       -4.6077407003168647     
   1.8678678678678680       -4.5875222151997805     
   1.8738738738738738       -4.5667266418668246     
   1.8798798798798799       -4.5453801722073539     
   1.8858858858858858       -4.5235082296319353     
   1.8918918918918919       -4.5011354890161472     
   1.8978978978978980       -4.4782858961517578     
   1.9039039039039038       -4.4549826867171536     
   1.9099099099099099       -4.4312484047786400     
   1.9159159159159158       -4.4071049208339703     
   1.9219219219219219       -4.3825734494091293     
   1.9279279279279280       -4.3576745662192202     
   1.9339339339339339       -4.3324282249039525     
   1.9399399399399400       -4.3068537733480508     
   1.9459459459459458       -4.2809699695966241     
   1.9519519519519519       -4.2547949973752859     
   1.9579579579579580       -4.2283464812246203     
   1.9639639639639639       -4.2016415012583126     
   1.9699699699699700       -4.1746966075540648     
   1.9759759759759759       -4.1475278341862136     
   1.9819819819819819       -4.1201507129087158     
   1.9879879879879880       -4.0925802864969887     
   1.9939939939939939       -4.0648311217568898     
   2.0000000000000000       -4.0369173222088861     
   2.0060060060060061       -4.0088525404553312     
   2.0120120120120122       -3.9806499902385259     
   2.0180180180180178       -3.9523224581970671     
   2.0240240240240239       -3.9238823153278277     
   2.0300300300300300       -3.8953415281607318     
   2.0360360360360361       -3.8667116696532764     
   2.0420420420420422       -3.8380039298116566     
   2.0480480480480479       -3.8092291260451043     
   2.0540540540540539       -3.7803977132599718     
   2.0600600600600600       -3.7515197936998792     
   2.0660660660660661       -3.7226051265381086     
   2.0720720720720722       -3.6936631372282904     
   2.0780780780780779       -3.6647029266192717     
   2.0840840840840840       -3.6357332798399034     
   2.0900900900900901       -3.6067626749594015     
   2.0960960960960962       -3.5777992914286969     
   2.1021021021021022       -3.5488510183081772     
   2.1081081081081079       -3.5199254622870080     
   2.1141141141141140       -3.4910299554991240     
   2.1201201201201201       -3.4621715631408918     
   2.1261261261261262       -3.4333570908952562     
   2.1321321321321323       -3.4045930921671221     
   2.1381381381381379       -3.3758858751346037     
   2.1441441441441440       -3.3472415096206176     
   2.1501501501501501       -3.3186658337892680     
   2.1561561561561562       -3.2901644606712708     
   2.1621621621621623       -3.2617427845226339     
   2.1681681681681679       -3.2334059870206922     
   2.1741741741741740       -3.2051590433014558     
   2.1801801801801801       -3.1770067278422118     
   2.1861861861861862       -3.1489536201931450     
   2.1921921921921923       -3.1210041105617048     
   2.1981981981981984       -3.0931624052533406     
   2.2042042042042040       -3.0654325319721361     
   2.2102102102102101       -3.0378183449847795     
   2.2162162162162162       -3.0103235301512714     
   2.2222222222222223       -2.9829516098256059     
   2.2282282282282284       -2.9557059476296703     
   2.2342342342342341       -2.9285897531034681     
   2.2402402402402402       -2.9016060862347217     
   2.2462462462462462       -2.8747578618708545     
   2.2522522522522523       -2.8480478540162224     
   2.2582582582582584       -2.8214787000174586     
   2.2642642642642641       -2.7950529046396917     
   2.2702702702702702       -2.7687728440363331     
   2.2762762762762763       -2.7426407696150856     
   2.2822822822822824       -2.7166588118027208     
   2.2882882882882885       -2.6908289837111550     
   2.2942942942942941       -2.6651531847072683     
   2.3003003003003002       -2.6396332038888408     
   2.3063063063063063       -2.6142707234689770     
   2.3123123123123124       -2.5890673220712417     
   2.3183183183183185       -2.5640244779377679     
   2.3243243243243241       -2.5391435720524931     
   2.3303303303303302       -2.5144258911816162     
   2.3363363363363363       -2.4898726308333838     
   2.3423423423423424       -2.4654848981391697     
   2.3483483483483485       -2.4412637146578380     
   2.3543543543543541       -2.4172100191053065     
   2.3603603603603602       -2.3933246700111641     
   2.3663663663663663       -2.3696084483041937     
   2.3723723723723724       -2.3460620598285464     
   2.3783783783783785       -2.3226861377923300     
   2.3843843843843842       -2.2994812451503002     
   2.3903903903903903       -2.2764478769222918     
   2.3963963963963963       -2.2535864624490380     
   2.4024024024024024       -2.2308973675869095     
   2.4084084084084085       -2.2083808968431424     
   2.4144144144144142       -2.1860372954530320     
   2.4204204204204203       -2.1638667514005645     
   2.4264264264264264       -2.1418693973839167     
   2.4324324324324325       -2.1200453127272012     
   2.4384384384384385       -2.0983945252398195     
   2.4444444444444446       -2.0769170130247590     
   2.4504504504504503       -2.0556127062371066     
   2.4564564564564564       -2.0344814887940510     
   2.4624624624624625       -2.0135232000376102     
   2.4684684684684686       -1.9927376363512586     
   2.4744744744744747       -1.9721245527316509     
   2.4804804804804803       -1.9516836643165720     
   2.4864864864864864       -1.9314146478702154     
   2.4924924924924925       -1.9113171432269107     
   2.4984984984984986       -1.8913907546943178     
   2.5045045045045047       -1.8716350524171497     
   2.5105105105105103       -1.8520495737024245     
   2.5165165165165164       -1.8326338243072227     
   2.5225225225225225       -1.8133872796899302     
   2.5285285285285286       -1.7943093862258754     
   2.5345345345345347       -1.7753995623882914     
   2.5405405405405403       -1.7566571998954961     
   2.5465465465465464       -1.7380816648251367     
   2.5525525525525525       -1.7196722986963824     
   2.5585585585585586       -1.7014284195208536     
   2.5645645645645647       -1.6833493228231176     
   2.5705705705705704       -1.6654342826315309     
   2.5765765765765765       -1.6476825524401884     
   2.5825825825825826       -1.6300933661427455     
   2.5885885885885886       -1.6126659389388169     
   2.5945945945945947       -1.5953994682136849     
   2.6006006006006004       -1.5782931343920021     
   2.6066066066066065       -1.5613461017661594     
   2.6126126126126126       -1.5445575193000018     
   2.6186186186186187       -1.5279265214085025     
   2.6246246246246248       -1.5114522287140537     
   2.6306306306306304       -1.4951337487799665     
   2.6366366366366365       -1.4789701768217811     
   2.6426426426426426       -1.4629605963969834     
   2.6486486486486487       -1.4471040800736730     
   2.6546546546546548       -1.4313996900787513     
   2.6606606606606604       -1.4158464789261707     
   2.6666666666666665       -1.4004434900257519     
   2.6726726726726726       -1.3851897582731199     
   2.6786786786786787       -1.3700843106212164     
   2.6846846846846848       -1.3551261666339065     
   2.6906906906906904       -1.3403143390221468     
   2.6966966966966965       -1.3256478341631679     
   2.7027027027027026       -1.3111256526031538     
   2.7087087087087087       -1.2967467895438176     
   2.7147147147147148       -1.2825102353133422     
   2.7207207207207209       -1.2684149758220780     
   2.7267267267267266       -1.2544599930034275     
   2.7327327327327327       -1.2406442652402920     
   2.7387387387387387       -1.2269667677774969     
   2.7447447447447448       -1.2134264731205511     
   2.7507507507507509       -1.2000223514211183     
   2.7567567567567566       -1.1867533708495654     
   2.7627627627627627       -1.1736184979549269     
   2.7687687687687688       -1.1606166980126464     
   2.7747747747747749       -1.1477469353604044     
   2.7807807807807809       -1.1350081737223776     
   2.7867867867867866       -1.1223993765222384     
   2.7927927927927927       -1.1099195071852002     
   2.7987987987987988       -1.0975675294294214     
   2.8048048048048049       -1.0853424075470475     
   2.8108108108108110       -1.0732431066751855     
   2.8168168168168166       -1.0612685930570893     
   2.8228228228228227       -1.0494178342938223     
   2.8288288288288288       -1.0376897995866730     
   2.8348348348348349       -1.0260834599705679     
   2.8408408408408410       -1.0145977885387423     
   2.8468468468468466       -1.0032317606589138     
   2.8528528528528527      -0.99198435418118880     
   2.8588588588588588      -0.98085454963795238     
   2.8648648648648649      -0.96984133043594611     
   2.8708708708708710      -0.95894368304077282     
   2.8768768768768767      -0.94816059715403422     
   2.8828828828828827      -0.93749106588331188     
   2.8888888888888888      -0.92693408590520443     
   2.8948948948948949      -0.91648865762160703     
   2.9009009009009010      -0.90615378530943613     
   2.9069069069069067      -0.89592847726398828     
   2.9129129129129128      -0.88581174593610879     
   2.9189189189189189      -0.87580260806336652     
   2.9249249249249250      -0.86590008479538905     
   2.9309309309309310      -0.85610320181354438     
   2.9369369369369367      -0.84641098944512660     
   2.9429429429429428      -0.83682248277220939     
   2.9489489489489489      -0.82733672173532957     
   2.9549549549549550      -0.81795275123214350     
   2.9609609609609611      -0.80866962121121488     
   2.9669669669669672      -0.79948638676107509     
   2.9729729729729728      -0.79040210819469925     
   2.9789789789789789      -0.78141585112953260     
   2.9849849849849850      -0.77252668656320922     
   2.9909909909909911      -0.76373369094508381     
   2.9969969969969972      -0.75503594624371084     
   3.0030030030030028      -0.74643254001039339     
   3.0090090090090089      -0.73792256543891876     
   3.0150150150150150      -0.72950512142160751     
   3.0210210210210211      -0.72117931260177881     
   3.0270270270270272      -0.71294424942275181     
   3.0330330330330328      -0.70479904817348815     
   3.0390390390390389      -0.69674283103098034     
   3.0450450450450450      -0.68877472609949419     
   3.0510510510510511      -0.68089386744675695     
   3.0570570570570572      -0.67309939513719441     
   3.0630630630630629      -0.66539045526231233     
   3.0690690690690690      -0.65776619996830654     
   3.0750750750750750      -0.65022578748100457     
   3.0810810810810811      -0.64276838212821341     
   3.0870870870870872      -0.63539315435956489     
   3.0930930930930929      -0.62809928076394139     
   3.0990990990990990      -0.62088594408455833     
   3.1051051051051051      -0.61375233323178902     
   3.1111111111111112      -0.60669764329379849     
   3.1171171171171173      -0.59972107554506904     
   3.1231231231231229      -0.59282183745288330     
   3.1291291291291290      -0.58599914268183850     
   3.1351351351351351      -0.57925221109646030     
   3.1411411411411412      -0.57258026876197976     
   3.1471471471471473      -0.56598254794333891     
   3.1531531531531529      -0.55945828710249079     
   3.1591591591591590      -0.55300673089404784     
   3.1651651651651651      -0.54662713015934827     
   3.1711711711711712      -0.54031874191898754     
   3.1771771771771773      -0.53408082936387746     
   3.1831831831831829      -0.52791266184488561     
   3.1891891891891890      -0.52181351486110661     
   3.1951951951951951      -0.51578267004682121     
   3.2012012012012012      -0.50981941515718709     
   3.2072072072072073      -0.50392304405271449     
   3.2132132132132134      -0.49809285668257214     
   3.2192192192192191      -0.49232815906677058     
   3.2252252252252251      -0.48662826327726394     
   3.2312312312312312      -0.48099248741802120     
   3.2372372372372373      -0.47542015560409934     
   3.2432432432432434      -0.46991059793976631     
   3.2492492492492491      -0.46446315049571146     
   3.2552552552552552      -0.45907715528537929     
   3.2612612612612613      -0.45375196024047154     
   3.2672672672672673      -0.44848691918564382     
   3.2732732732732734      -0.44328139181244003     
   3.2792792792792791      -0.43813474365249588     
   3.2852852852852852      -0.43304634605004350     
   3.2912912912912913      -0.42801557613375385     
   3.2972972972972974      -0.42304181678794334     
   3.3033033033033035      -0.41812445662317677     
   3.3093093093093091      -0.41326288994629889     
   3.3153153153153152      -0.40845651672991762     
   3.3213213213213213      -0.40370474258137395     
   3.3273273273273274      -0.39900697871121821     
   3.3333333333333335      -0.39436264190122355     
   3.3393393393393391      -0.38977115447196131     
   3.3453453453453452      -0.38523194424995927     
   3.3513513513513513      -0.38074444453447426     
   3.3573573573573574      -0.37630809406389354     
   3.3633633633633635      -0.37192233698179233     
   3.3693693693693691      -0.36758662280266957     
   3.3753753753753752      -0.36330040637737848     
   3.3813813813813813      -0.35906314785827964     
   3.3873873873873874      -0.35487431266412828     
   3.3933933933933935      -0.35073337144472017     
   3.3993993993993992      -0.34663980004531364     
   3.4054054054054053      -0.34259307947084278     
   3.4114114114114114      -0.33859269584994517     
   3.4174174174174174      -0.33463814039881379     
   3.4234234234234235      -0.33072890938489469     
   3.4294294294294292      -0.32686450409044343     
   3.4354354354354353      -0.32304443077595590     
   3.4414414414414414      -0.31926820064349082     
   3.4474474474474475      -0.31553532979989313     
   3.4534534534534536      -0.31184533921993612     
   3.4594594594594597      -0.30819775470939442     
   3.4654654654654653      -0.30459210686806021     
   3.4714714714714714      -0.30102793105271419     
   3.4774774774774775      -0.29750476734006753     
   3.4834834834834836      -0.29402216048967961     
   3.4894894894894897      -0.29057965990686868     
   3.4954954954954953      -0.28717681960562313     
   3.5015015015015014      -0.28381319817152373     
   3.5075075075075075      -0.28048835872468947     
   3.5135135135135136      -0.27720186888275278     
   3.5195195195195197      -0.27395330072387675     
   3.5255255255255253      -0.27074223074982179     
   3.5315315315315314      -0.26756823984906891     
   3.5375375375375375      -0.26443091326001295     
   3.5435435435435436      -0.26132984053422725     
   3.5495495495495497      -0.25826461549981228     
   3.5555555555555554      -0.25523483622483328     
   3.5615615615615615      -0.25224010498085475     
   3.5675675675675675      -0.24928002820657957     
   3.5735735735735736      -0.24635421647159678     
   3.5795795795795797      -0.24346228444024731     
   3.5855855855855854      -0.24060385083561128     
   3.5915915915915915      -0.23777853840362376     
   3.5975975975975976      -0.23498597387732587     
   3.6036036036036037      -0.23222578794125301     
   3.6096096096096097      -0.22949761519596937     
   3.6156156156156154      -0.22680109412275037     
   3.6216216216216215      -0.22413586704841937     
   3.6276276276276276      -0.22150158011034379     
   3.6336336336336337      -0.21889788322159245     
   3.6396396396396398      -0.21632443003626034     
   3.6456456456456454      -0.21378087791496397     
   3.6516516516516515      -0.21126688789051040     
   3.6576576576576576      -0.20878212463374540     
   3.6636636636636637      -0.20632625641958122     
   3.6696696696696698      -0.20389895509320960     
   3.6756756756756754      -0.20149989603650165     
   3.6816816816816815      -0.19912875813459763     
   3.6876876876876876      -0.19678522374269067     
   3.6936936936936937      -0.19446897865300453     
   3.6996996996996998      -0.19217971206196977     
   3.7057057057057055      -0.18991711653760007     
   3.7117117117117115      -0.18768088798706981     
   3.7177177177177176      -0.18547072562449737     
   3.7237237237237237      -0.18328633193893296     
   3.7297297297297298      -0.18112741266255469     
   3.7357357357357359      -0.17899367673907413     
   3.7417417417417416      -0.17688483629235280     
   3.7477477477477477      -0.17480060659522992     
   3.7537537537537538      -0.17274070603856570     
   3.7597597597597598      -0.17070485610049718     
   3.7657657657657659      -0.16869278131591112     
   3.7717717717717716      -0.16670420924613336     
   3.7777777777777777      -0.16473887044883520     
   3.7837837837837838      -0.16279649844815980     
   3.7897897897897899      -0.16087682970506567     
   3.7957957957957960      -0.15897960358789154     
   3.8018018018018016      -0.15710456234314049     
   3.8078078078078077      -0.15525145106648514     
   3.8138138138138138      -0.15342001767399424     
   3.8198198198198199      -0.15161001287358011     
   3.8258258258258260      -0.14982119013666795     
   3.8318318318318316      -0.14805330567008709     
   3.8378378378378377      -0.14630611838818330     
   3.8438438438438438      -0.14457938988515426     
   3.8498498498498499      -0.14287288440760562     
   3.8558558558558560      -0.14118636882732960     
   3.8618618618618616      -0.13951961261430473     
   3.8678678678678677      -0.13787238780991667     
   3.8738738738738738      -0.13624446900040107     
   3.8798798798798799      -0.13463563329050623     
   3.8858858858858860      -0.13304566027737649     
   3.8918918918918917      -0.13147433202465553     
   3.8978978978978978      -0.12992143303680873     
   3.9039039039039038      -0.12838675023366555     
   3.9099099099099099      -0.12687007292517916     
   3.9159159159159160      -0.12537119278640427     
   3.9219219219219217      -0.12388990383269238     
   3.9279279279279278      -0.12242600239510275     
   3.9339339339339339      -0.12097928709603017     
   3.9399399399399400      -0.11954955882504682     
   3.9459459459459461      -0.11813662071495865     
   3.9519519519519517      -0.11674027811807527     
   3.9579579579579578      -0.11536033858269194     
   3.9639639639639639      -0.11399661182978402     
   3.9699699699699700      -0.11264890972991121     
   3.9759759759759761      -0.11131704628033234     
   3.9819819819819822      -0.11000083758232855     
   3.9879879879879878      -0.10870010181873462     
   3.9939939939939939      -0.10741465923167666     
   4.0000000000000000      -0.10614433210051659     
   4.0060060060060056      -0.10488894472000042     
   4.0120120120120122      -0.10364832337861020     
   4.0180180180180178      -0.10242229633711999     
   4.0240240240240244      -0.10121069380735086     
   4.0300300300300300      -0.10001334793112901     
   4.0360360360360357       -9.8830092759440602E-002
   4.0420420420420422       -9.7660764231786101E-002
   4.0480480480480479       -9.6505200155731802E-002
   4.0540540540540544       -9.5363240186655110E-002
   4.0600600600600600       -9.4234725807686770E-002
   4.0660660660660657       -9.3119500309844103E-002
   4.0720720720720722       -9.2017408772357742E-002
   4.0780780780780779       -9.0928298043189110E-002
   4.0840840840840844       -8.9852016719735972E-002
   4.0900900900900901       -8.8788415129728571E-002
   4.0960960960960957       -8.7737345312310436E-002
   4.1021021021021022       -8.6698660999306537E-002
   4.1081081081081079       -8.5672217596675773E-002
   4.1141141141141144       -8.4657872166145315E-002
   4.1201201201201201       -8.3655483407028858E-002
   4.1261261261261257       -8.2664911638223426E-002
   4.1321321321321323       -8.1686018780386754E-002
   4.1381381381381379       -8.0718668338292845E-002
   4.1441441441441444       -7.9762725383362459E-002
   4.1501501501501501       -7.8818056536371348E-002
   4.1561561561561557       -7.7884529950330184E-002
   4.1621621621621623       -7.6962015293538813E-002
   4.1681681681681679       -7.6050383732811616E-002
   4.1741741741741745       -7.5149507916871722E-002
   4.1801801801801801       -7.4259261959916001E-002
   4.1861861861861858       -7.3379521425345262E-002
   4.1921921921921923       -7.2510163309662062E-002
   4.1981981981981980       -7.1651066026533081E-002
   4.2042042042042045       -7.0802109391013751E-002
   4.2102102102102101       -6.9963174603936806E-002
   4.2162162162162158       -6.9134144236459694E-002
   4.2222222222222223       -6.8314902214772807E-002
   4.2282282282282280       -6.7505333804965637E-002
   4.2342342342342345       -6.6705325598048704E-002
   4.2402402402402402       -6.5914765495132602E-002
   4.2462462462462458       -6.5133542692759616E-002
   4.2522522522522523       -6.4361547668389169E-002
   4.2582582582582580       -6.3598672166035042E-002
   4.2642642642642645       -6.2844809182051473E-002
   4.2702702702702702       -6.2099852951070074E-002
   4.2762762762762758       -6.1363698932082628E-002
   4.2822822822822824       -6.0636243794671398E-002
   4.2882882882882880       -5.9917385405384445E-002
   4.2942942942942945       -5.9207022814253753E-002
   4.3003003003003002       -5.8505056241457326E-002
   4.3063063063063058       -5.7811387064121082E-002
   4.3123123123123124       -5.7125917803261629E-002
   4.3183183183183180       -5.6448552110867870E-002
   4.3243243243243246       -5.5779194757118872E-002
   4.3303303303303302       -5.5117751617739630E-002
   4.3363363363363359       -5.4464129661490113E-002
   4.3423423423423424       -5.3818236937789109E-002
   4.3483483483483480       -5.3179982564470527E-002
   4.3543543543543546       -5.2549276715669960E-002
   4.3603603603603602       -5.1926030609842667E-002
   4.3663663663663668       -5.1310156497908974E-002
   4.3723723723723724       -5.0701567651528612E-002
   4.3783783783783781       -5.0100178351500241E-002
   4.3843843843843846       -4.9505903876286936E-002
   4.3903903903903903       -4.8918660490665795E-002
   4.3963963963963968       -4.8338365434499479E-002
   4.4024024024024024       -4.7764936911630654E-002
   4.4084084084084081       -4.7198294078895753E-002
   4.4144144144144146       -4.6638357035258843E-002
   4.4204204204204203       -4.6085046811063735E-002
   4.4264264264264268       -4.5538285357402217E-002
   4.4324324324324325       -4.4997995535599564E-002
   4.4384384384384381       -4.4464101106813439E-002
   4.4444444444444446       -4.3936526721747401E-002
   4.4504504504504503       -4.3415197910476870E-002
   4.4564564564564568       -4.2900041072385722E-002
   4.4624624624624625       -4.2390983466214484E-002
   4.4684684684684681       -4.1887953200216460E-002
   4.4744744744744747       -4.1390879222422981E-002
   4.4804804804804803       -4.0899691311015493E-002
   4.4864864864864868       -4.0414320064803159E-002
   4.4924924924924925       -3.9934696893806312E-002
   4.4984984984984981       -3.9460754009942894E-002
   4.5045045045045047       -3.8992424417818299E-002
   4.5105105105105103       -3.8529641905617217E-002
   4.5165165165165169       -3.8072341036095435E-002
   4.5225225225225225       -3.7620457137672453E-002
   4.5285285285285282       -3.7173926295621960E-002
   4.5345345345345347       -3.6732685343360584E-002
   4.5405405405405403       -3.6296671853833486E-002
   4.5465465465465469       -3.5865824130995053E-002
   4.5525525525525525       -3.5440081201385344E-002
   4.5585585585585582       -3.5019382805799373E-002
   4.5645645645645647       -3.4603669391049911E-002
   4.5705705705705704       -3.4192882101822170E-002
   4.5765765765765769       -3.3786962772618757E-002
   4.5825825825825826       -3.3385853919795636E-002
   4.5885885885885882       -3.2989498733686187E-002
   4.5945945945945947       -3.2597841070814031E-002
   4.6006006006006004       -3.2210825446193053E-002
   4.6066066066066069       -3.1828397025713204E-002
   4.6126126126126126       -3.1450501618612528E-002
   4.6186186186186182       -3.1077085670032895E-002
   4.6246246246246248       -3.0708096253659882E-002
   4.6306306306306304       -3.0343481064445461E-002
   4.6366366366366369       -2.9983188411411964E-002
   4.6426426426426426       -2.9627167210537934E-002
   4.6486486486486482       -2.9275366977723281E-002
   4.6546546546546548       -2.8927737821834314E-002
   4.6606606606606604       -2.8584230437827263E-002
   4.6666666666666670       -2.8244796099948843E-002
   4.6726726726726726       -2.7909386655014537E-002
   4.6786786786786783       -2.7577954515761942E-002
   4.6846846846846848       -2.7250452654279975E-002
   4.6906906906906904       -2.6926834595512358E-002
   4.6966966966966970       -2.6607054410834195E-002
   4.7027027027027026       -2.6291066711702157E-002
   4.7087087087087083       -2.5978826643375877E-002
   4.7147147147147148       -2.5670289878711127E-002
   4.7207207207207205       -2.5365412612023429E-002
   4.7267267267267270       -2.5064151553020955E-002
   4.7327327327327327       -2.4766463920807055E-002
   4.7387387387387383       -2.4472307437950352E-002
   4.7447447447447448       -2.4181640324622739E-002
   4.7507507507507505       -2.3894421292804176E-002
   4.7567567567567570       -2.3610609540553010E-002
   4.7627627627627627       -2.3330164746342318E-002
   4.7687687687687683       -2.3053047063460192E-002
   4.7747747747747749       -2.2779217114474330E-002
   4.7807807807807805       -2.2508635985759848E-002
   4.7867867867867870       -2.2241265222089177E-002
   4.7927927927927927       -2.1977066821284429E-002
   4.7987987987987983       -2.1716003228930282E-002
   4.8048048048048049       -2.1458037333147776E-002
   4.8108108108108105       -2.1203132459427898E-002
   4.8168168168168171       -2.0951252365523983E-002
   4.8228228228228227       -2.0702361236403184E-002
   4.8288288288288284       -2.0456423679255237E-002
   4.8348348348348349       -2.0213404718558869E-002
   4.8408408408408405       -1.9973269791204788E-002
   4.8468468468468471       -1.9735984741674269E-002
   4.8528528528528527       -1.9501515817273697E-002
   4.8588588588588584       -1.9269829663423280E-002
   4.8648648648648649       -1.9040893319000291E-002
   4.8708708708708706       -1.8814674211735830E-002
   4.8768768768768771       -1.8591140153664205E-002
   4.8828828828828827       -1.8370259336625200E-002
   4.8888888888888893       -1.8152000327817570E-002
   4.8948948948948949       -1.7936332065404292E-002
   4.9009009009009006       -1.7723223854167948E-002
   4.9069069069069071       -1.7512645361216529E-002
   4.9129129129129128       -1.7304566611738726E-002
   4.9189189189189193       -1.7098957984807889E-002
   4.9249249249249250       -1.6895790209234887E-002
   4.9309309309309306       -1.6695034359468338E-002
   4.9369369369369371       -1.6496661851542541E-002
   4.9429429429429428       -1.6300644439072177E-002
   4.9489489489489493       -1.6106954209293031E-002
   4.9549549549549550       -1.5915563579148896E-002
   4.9609609609609606       -1.5726445291423329E-002
   4.9669669669669672       -1.5539572410916424E-002
   4.9729729729729728       -1.5354918320665836E-002
   4.9789789789789793       -1.5172456718211271E-002
   4.9849849849849850       -1.4992161611902645E-002
   4.9909909909909906       -1.4814007317250624E-002
   4.9969969969969972       -1.4637968453319704E-002
   5.0030030030030028       -1.4464019939163044E-002
   5.0090090090090094       -1.4292136990298587E-002
   5.0150150150150150       -1.4122295115226096E-002
   5.0210210210210207       -1.3954470111984580E-002
   5.0270270270270272       -1.3788638064749672E-002
   5.0330330330330328       -1.3624775340470635E-002
   5.0390390390390394       -1.3462858585546132E-002
   5.0450450450450450       -1.3302864722538990E-002
   5.0510510510510507       -1.3144770946928772E-002
   5.0570570570570572       -1.2988554723902338E-002
   5.0630630630630629       -1.2834193785181719E-002
   5.0690690690690694       -1.2681666125888639E-002
   5.0750750750750750       -1.2530950001445872E-002
   5.0810810810810807       -1.2382023924514304E-002
   5.0870870870870872       -1.2234866661965873E-002
   5.0930930930930929       -1.2089457231891752E-002
   5.0990990990990994       -1.1945774900645141E-002
   5.1051051051051051       -1.1803799179918851E-002
   5.1111111111111107       -1.1663509823856605E-002
   5.1171171171171173       -1.1524886826198210E-002
   5.1231231231231229       -1.1387910417458017E-002
   5.1291291291291294       -1.1252561062136074E-002
   5.1351351351351351       -1.1118819455962100E-002
   5.1411411411411407       -1.0986666523171325E-002
   5.1471471471471473       -1.0856083413812286E-002
   5.1531531531531529       -1.0727051501086084E-002
   5.1591591591591595       -1.0599552378716464E-002
   5.1651651651651651       -1.0473567858350932E-002
   5.1711711711711708       -1.0349079966991895E-002
   5.1771771771771773       -1.0226070944458040E-002
   5.1831831831831829       -1.0104523240875350E-002
   5.1891891891891895       -9.9844195141972521E-003
   5.1951951951951951       -9.8657426277540487E-003
   5.2012012012012008       -9.7484756478307122E-003
   5.2072072072072073       -9.6326018412731824E-003
   5.2132132132132130       -9.5181046731226751E-003
   5.2192192192192195       -9.4049678042774695E-003
   5.2252252252252251       -9.2931750891823411E-003
   5.2312312312312308       -9.1827105735447553E-003
   5.2372372372372373       -9.0735584920779815E-003
   5.2432432432432430       -8.9657032662706151E-003
   5.2492492492492495       -8.8591295021820653E-003
   5.2552552552552552       -8.7538219882641044E-003
   5.2612612612612608       -8.6497656932076911E-003
   5.2672672672672673       -8.5469457638151849E-003
   5.2732732732732730       -8.4453475228974898E-003
   5.2792792792792795       -8.3449564671957046E-003
   5.2852852852852852       -8.2457582653273388E-003
   5.2912912912912908       -8.1477387557564208E-003
   5.2972972972972974       -8.0508839447875243E-003
   5.3033033033033030       -7.9551800045833433E-003
   5.3093093093093096       -7.8606132712053696E-003
   5.3153153153153152       -7.7671702426777758E-003
   5.3213213213213209       -7.6748375770738118E-003
   5.3273273273273274       -7.5836020906247838E-003
   5.3333333333333330       -7.4934507558512501E-003
   5.3393393393393396       -7.4043706997160104E-003
   5.3453453453453452       -7.3163492017989844E-003
   5.3513513513513509       -7.2293736924933351E-003
   5.3573573573573574       -7.1434317512228977E-003
   5.3633633633633631       -7.0585111046805628E-003
   5.3693693693693696       -6.9745996250872144E-003
   5.3753753753753752       -6.8916853284713368E-003
   5.3813813813813809       -6.8097563729686292E-003
   5.3873873873873874       -6.7288010571417570E-003
   5.3933933933933931       -6.6488078183198299E-003
   5.3993993993993996       -6.5697652309573062E-003
   5.4054054054054053       -6.4916620050123617E-003
   5.4114114114114118       -6.4144869843441397E-003
   5.4174174174174174       -6.3382291451290502E-003
   5.4234234234234231       -6.2628775942955191E-003
   5.4294294294294296       -6.1884215679772732E-003
   5.4354354354354353       -6.1148504299848184E-003
   5.4414414414414418       -6.0421536702947969E-003
   5.4474474474474475       -5.9703209035572996E-003
   5.4534534534534531       -5.8993418676205698E-003
   5.4594594594594597       -5.8292064220732036E-003
   5.4654654654654653       -5.7599045468034928E-003
   5.4714714714714718       -5.6914263405756478E-003
   5.4774774774774775       -5.6237620196229283E-003
   5.4834834834834831       -5.5569019162572068E-003
   5.4894894894894897       -5.4908364774949930E-003
   5.4954954954954953       -5.4255562636996721E-003
   5.5015015015015019       -5.3610519472396144E-003
   5.5075075075075075       -5.2973143111622609E-003
   5.5135135135135132       -5.2343342478836912E-003
   5.5195195195195197       -5.1721027578937231E-003
   5.5255255255255253       -5.1106109484762843E-003
   5.5315315315315319       -5.0498500324447689E-003
   5.5375375375375375       -4.9898113268924509E-003
   5.5435435435435432       -4.9304862519574935E-003
   5.5495495495495497       -4.8718663296026072E-003
   5.5555555555555554       -4.8139431824091045E-003
   5.5615615615615619       -4.7567085323850953E-003
   5.5675675675675675       -4.7001541997878631E-003
   5.5735735735735732       -4.6442721019600078E-003
   5.5795795795795797       -4.5890542521794132E-003
   5.5855855855855854       -4.5344927585227743E-003
   5.5915915915915919       -4.4805798227424551E-003
   5.5975975975975976       -4.4273077391567307E-003
   5.6036036036036032       -4.3746688935529989E-003
   5.6096096096096097       -4.3226557621040239E-003
   5.6156156156156154       -4.2712609102969713E-003
   5.6216216216216219       -4.2204769918750100E-003
   5.6276276276276276       -4.1702967477915227E-003
   5.6336336336336332       -4.1207130051765578E-003
   5.6396396396396398       -4.0717186763155602E-003
   5.6456456456456454       -4.0233067576401545E-003
   5.6516516516516520       -3.9754703287307935E-003
   5.6576576576576576       -3.9282025513312736E-003
   5.6636636636636633       -3.8814966683748029E-003
   5.6696696696696698       -3.8353460030216397E-003
   5.6756756756756754       -3.7897439577080959E-003
   5.6816816816816820       -3.7446840132067190E-003
   5.6876876876876876       -3.7001597276976723E-003
   5.6936936936936933       -3.6561647358509942E-003
   5.6996996996996998       -3.6126927479197702E-003
   5.7057057057057055       -3.5697375488440192E-003
   5.7117117117117120       -3.5272929973651102E-003
   5.7177177177177176       -3.4853530251507453E-003
   5.7237237237237233       -3.4439116359301892E-003
   5.7297297297297298       -3.4029629046397874E-003
   5.7357357357357355       -3.3625009765785876E-003
   5.7417417417417420       -3.3225200665738799E-003
   5.7477477477477477       -3.2830144581567078E-003
   5.7537537537537533       -3.2439785027470209E-003
   5.7597597597597598       -3.2054066188485428E-003
   5.7657657657657655       -3.1672932912531595E-003
   5.7717717717717720       -3.1296330702546295E-003
   5.7777777777777777       -3.0924205708717459E-003
   5.7837837837837833       -3.0556504720805240E-003
   5.7897897897897899       -3.0193175160556081E-003
   5.7957957957957955       -2.9834165074205756E-003
   5.8018018018018020       -2.9479423125071394E-003
   5.8078078078078077       -2.9128898586231067E-003
   5.8138138138138133       -2.8782541333290156E-003
   5.8198198198198199       -2.8440301837232935E-003
   5.8258258258258255       -2.8102131157359601E-003
   5.8318318318318321       -2.7767980934305598E-003
   5.8378378378378377       -2.7437803383145070E-003
   5.8438438438438434       -2.7111551286574478E-003
   5.8498498498498499       -2.6789177988178164E-003
   5.8558558558558556       -2.6470637385772803E-003
   5.8618618618618621       -2.6155883924831032E-003
   5.8678678678678677       -2.5844872591982838E-003
   5.8738738738738734       -2.5537558908593945E-003
   5.8798798798798799       -2.5233898924419966E-003
   5.8858858858858856       -2.4933849211336459E-003
   5.8918918918918921       -2.4637366857141992E-003
   5.8978978978978978       -2.4344409459436038E-003
   5.9039039039039043       -2.4054935119567945E-003
   5.9099099099099099       -2.3768902436658995E-003
   5.9159159159159156       -2.3486270501693863E-003
   5.9219219219219221       -2.3206998891683269E-003
   5.9279279279279278       -2.2931047663895007E-003
   5.9339339339339343       -2.2658377350153634E-003
   5.9399399399399400       -2.2388948951207622E-003
   5.9459459459459456       -2.2122723931163272E-003
   5.9519519519519521       -2.1859664211984374E-003
   5.9579579579579578       -2.1599732168057603E-003
   5.9639639639639643       -2.1342890620821386E-003
   5.9699699699699700       -2.1089102833459507E-003
   5.9759759759759756       -2.0838332505656505E-003
   5.9819819819819822       -2.0590543768416111E-003
   5.9879879879879878       -2.0345701178940611E-003
   5.9939939939939944       -2.0103769715570977E-003
   6.0000000000000000       -1.9864714772787053E-003
